 binIndex : nMCGJ( nMCerr)|nMCEBt |nMCECt |Nobs |nEB| pEB(pEBerr) |nEC| pEC(pECerr) | trigW(trigWsysErr,trigWerr) | SF(SFerr) |ZgR(REr1) |f(fsysErr,+ferrUp-ferrDn) |purity(pErr)| DR(+DRup-DRlow)| Yield(+YstatUp-YstatLow,+YsysUp-YsysLow)
 1 : 27920.831( 0.015)|20414.358 |4271.998 |39635.0 |28392.0| 0.969(0.02) |6509.0| 0.904(0.019) | 0.987(0.01,0.002) | 1.012(0.014) |0.442(0.007) |0.981(0.005,+0.006-0.006) |0.957(0.02)| 1.0(+0.0-0.0)| 14502.925(+0.013-0.013,+0.029-0.029)
 2 : 2353.546( 0.018)|1707.547 |378.379 |2848.0 |2059.0| 0.969(0.02) |486.0| 0.904(0.019) | 0.987(0.01,0.002) | 1.012(0.014) |0.439(0.014) |0.98(0.005,+0.019-0.019) |0.957(0.02)| 1.0(+0.0-0.0)| 1046.776(+0.048-0.048,+0.036-0.036)
 3 : 166.072( 0.033)|131.308 |22.472 |153.0 |128.0| 0.969(0.02) |18.0| 0.904(0.019) | 0.987(0.01,0.002) | 1.012(0.014) |0.405(0.038) |0.978(0.005,+0.003-0.003) |0.961(0.02)| 1.0(+0.0-0.0)| 55.557(+0.217-0.217,+0.047-0.047)
 4 : 20384.234( 0.015)|15578.077 |2971.366 |27321.0 |20605.0| 0.962(0.047) |4203.0| 0.934(0.032) | 0.988(0.01,0.001) | 1.012(0.014) |0.436(0.007) |0.983(0.005,+0.003-0.003) |0.958(0.045)| 1.0(+0.0-0.0)| 10187.161(+0.015-0.015,+0.049-0.049)
 5 : 5602.1( 0.016)|4340.596 |820.172 |7180.0 |5531.0| 0.962(0.047) |1078.0| 0.934(0.032) | 0.988(0.01,0.001) | 1.012(0.014) |0.433(0.009) |0.992(0.005,+0.003-0.003) |0.958(0.045)| 1.0(+0.0-0.0)| 2720.261(+0.03-0.03,+0.05-0.05)
 6 : 262.432( 0.028)|215.735 |29.365 |259.0 |215.0| 0.962(0.047) |30.0| 0.934(0.032) | 0.988(0.01,0.001) | 1.012(0.014) |0.43(0.03) |0.99(0.005,+0.002-0.002) |0.959(0.046)| 1.0(+0.0-0.0)| 100.014(+0.157-0.157,+0.058-0.058)
 7 : 5144.431( 0.016)|4372.122 |577.371 |6344.0 |5361.0| 0.978(0.027) |751.0| 0.964(0.018) | 0.987(0.01,0.002) | 1.012(0.014) |0.419(0.009) |0.987(0.005,+0.006-0.006) |0.976(0.026)| 1.0(+0.0-0.0)| 2472.074(+0.032-0.032,+0.033-0.033)
 8 : 170.613( 0.033)|148.292 |17.113 |172.0 |149.0| 0.978(0.027) |16.0| 0.964(0.018) | 0.987(0.01,0.002) | 1.012(0.014) |0.428(0.036) |0.993(0.005,+0.002-0.002) |0.977(0.026)| 1.0(+0.0-0.0)| 68.653(+0.187-0.187,+0.048-0.048)
 9 : 699.195( 0.02)|657.416 |35.891 |770.0 |713.0| 0.978(0.027) |50.0| 0.964(0.018) | 0.978(0.01,0.005) | 1.012(0.014) |0.402(0.018) |1.0(0.005,+0.0-0.03) |0.977(0.026)| 1.0(+0.0-0.0)| 302.437(+0.091-0.091,+0.037-0.048)
 10 : 23.778( 0.08)|22.803 |0.975 |26.0 |26.0| 0.978(0.027) |0.0| 0.964(0.018) | 0.978(0.01,0.005) | 1.012(0.014) |0.522(0.09) |0.954(0.005,+0.005-0.005) |0.978(0.027)| 1.0(+0.0-0.0)| 12.794(+0.419-0.419,+0.096-0.096)
 11 : 18918.846( 0.016)|13726.91 |2988.353 |26255.0 |18747.0| 0.969(0.02) |4363.0| 0.904(0.019) | 0.987(0.01,0.002) | 1.012(0.014) |0.444(0.008) |0.936(0.005,+0.006-0.006) |0.957(0.02)| 1.0(+0.0-0.0)| 9202.138(+0.017-0.017,+0.029-0.029)
 12 : 6757.432( 0.016)|4863.162 |1115.448 |7771.0 |5707.0| 0.969(0.02) |1229.0| 0.904(0.019) | 0.987(0.01,0.002) | 1.012(0.014) |0.435(0.008) |0.961(0.005,+0.01-0.01) |0.957(0.02)| 1.0(+0.0-0.0)| 2781.184(+0.03-0.03,+0.03-0.03)
 13 : 580.094( 0.022)|432.918 |89.491 |514.0 |399.0| 0.969(0.02) |74.0| 0.904(0.019) | 0.987(0.01,0.002) | 1.012(0.014) |0.443(0.021) |0.972(0.005,+0.004-0.004) |0.959(0.02)| 1.0(+0.0-0.0)| 195.443(+0.111-0.111,+0.034-0.034)
 14 : 12029.9( 0.016)|9144.644 |1763.961 |15241.0 |11352.0| 0.962(0.047) |2390.0| 0.934(0.032) | 0.988(0.01,0.001) | 1.012(0.014) |0.44(0.008) |0.94(0.005,+0.005-0.005) |0.957(0.045)| 1.0(+0.0-0.0)| 5441.582(+0.022-0.022,+0.049-0.049)
 15 : 12363.597( 0.015)|9495.687 |1849.095 |14656.0 |11145.0| 0.962(0.047) |2244.0| 0.934(0.032) | 0.988(0.01,0.001) | 1.012(0.014) |0.429(0.006) |0.95(0.005,+0.008-0.008) |0.958(0.045)| 1.0(+0.0-0.0)| 5229.852(+0.022-0.022,+0.05-0.05)
 16 : 968.254( 0.019)|767.177 |131.545 |851.0 |700.0| 0.962(0.047) |103.0| 0.934(0.032) | 0.988(0.01,0.001) | 1.012(0.014) |0.443(0.016) |0.977(0.005,+0.003-0.003) |0.959(0.046)| 1.0(+0.0-0.0)| 332.993(+0.085-0.085,+0.052-0.052)
 17 : 5455.255( 0.016)|4609.356 |620.825 |6038.0 |5039.0| 0.978(0.027) |745.0| 0.964(0.018) | 0.987(0.01,0.002) | 1.012(0.014) |0.424(0.007) |0.95(0.005,+0.007-0.007) |0.976(0.026)| 1.0(+0.0-0.0)| 2277.139(+0.033-0.033,+0.033-0.033)
 18 : 630.58( 0.021)|547.734 |65.709 |570.0 |486.0| 0.978(0.027) |65.0| 0.964(0.018) | 0.987(0.01,0.002) | 1.012(0.014) |0.435(0.019) |0.984(0.005,+0.002-0.002) |0.976(0.026)| 1.0(+0.0-0.0)| 230.453(+0.102-0.102,+0.037-0.037)
 19 : 889.797( 0.019)|837.739 |45.444 |829.0 |773.0| 0.978(0.027) |47.0| 0.964(0.018) | 0.978(0.01,0.005) | 1.012(0.014) |0.413(0.015) |0.972(0.005,+0.008-0.008) |0.977(0.027)| 1.0(+0.0-0.0)| 324.923(+0.088-0.088,+0.037-0.037)
 20 : 75.212( 0.047)|73.313 |1.691 |64.0 |63.0| 0.978(0.027) |1.0| 0.964(0.018) | 0.978(0.01,0.005) | 1.012(0.014) |0.482(0.052) |0.925(0.005,+0.021-0.021) |0.978(0.027)| 1.0(+0.0-0.0)| 28.174(+0.284-0.284,+0.065-0.065)
 21 : 1277.745( 0.027)|936.501 |201.186 |1652.0 |1126.0| 0.969(0.02) |295.0| 0.904(0.019) | 0.987(0.01,0.002) | 1.012(0.014) |0.442(0.028) |0.863(0.005,+0.018-0.018) |0.955(0.02)| 1.0(+0.0-0.0)| 518.826(+0.073-0.073,+0.043-0.043)
 22 : 2122.498( 0.019)|1499.724 |373.644 |2498.0 |1715.0| 0.969(0.02) |443.0| 0.904(0.019) | 0.987(0.01,0.002) | 1.012(0.014) |0.453(0.015) |0.898(0.005,+0.025-0.025) |0.956(0.02)| 1.0(+0.0-0.0)| 840.003(+0.055-0.055,+0.04-0.04)
 23 : 319.952( 0.026)|239.229 |51.827 |279.0 |220.0| 0.969(0.02) |36.0| 0.904(0.019) | 0.987(0.01,0.002) | 1.012(0.014) |0.459(0.028) |0.983(0.005,+0.012-0.012) |0.96(0.02)| 1.0(+0.0-0.0)| 110.957(+0.144-0.144,+0.041-0.041)
 24 : 633.974( 0.033)|473.23 |106.826 |794.0 |580.0| 0.962(0.047) |128.0| 0.934(0.032) | 0.987(0.01,0.001) | 1.012(0.014) |0.421(0.037) |0.901(0.005,+0.011-0.011) |0.957(0.045)| 1.0(+0.0-0.0)| 257.386(+0.103-0.103,+0.062-0.062)
 25 : 2948.15( 0.017)|2228.876 |453.43 |3388.0 |2498.0| 0.962(0.047) |544.0| 0.934(0.032) | 0.988(0.01,0.001) | 1.012(0.014) |0.449(0.012) |0.916(0.005,+0.014-0.014) |0.957(0.045)| 1.0(+0.0-0.0)| 1198.602(+0.046-0.046,+0.052-0.052)
 26 : 534.354( 0.022)|414.766 |78.501 |486.0 |403.0| 0.962(0.047) |59.0| 0.934(0.032) | 0.988(0.01,0.001) | 1.012(0.014) |0.448(0.021) |0.956(0.005,+0.01-0.01) |0.959(0.046)| 1.0(+0.0-0.0)| 189.716(+0.113-0.113,+0.054-0.054)
 27 : 871.524( 0.021)|722.117 |108.561 |899.0 |734.0| 0.978(0.027) |129.0| 0.964(0.018) | 0.987(0.01,0.002) | 1.012(0.014) |0.428(0.018) |0.905(0.005,+0.012-0.012) |0.976(0.026)| 1.0(+0.0-0.0)| 326.342(+0.09-0.09,+0.038-0.038)
 28 : 328.158( 0.026)|279.188 |37.627 |318.0 |266.0| 0.978(0.027) |42.0| 0.964(0.018) | 0.987(0.01,0.002) | 1.012(0.014) |0.45(0.026) |0.971(0.005,+0.006-0.006) |0.976(0.026)| 1.0(+0.0-0.0)| 131.574(+0.133-0.133,+0.042-0.042)
 29 : 190.739( 0.032)|177.209 |11.061 |154.0 |139.0| 0.978(0.027) |13.0| 0.964(0.018) | 0.979(0.01,0.006) | 1.012(0.014) |0.389(0.034) |0.923(0.005,+0.021-0.021) |0.977(0.026)| 1.0(+0.0-0.0)| 53.762(+0.229-0.229,+0.052-0.052)
 30 : 42.354( 0.061)|40.731 |1.623 |43.0 |40.0| 0.978(0.027) |3.0| 0.964(0.018) | 0.978(0.01,0.005) | 1.012(0.014) |0.449(0.069) |0.88(0.005,+0.049-0.049) |0.977(0.026)| 1.0(+0.0-0.0)| 16.756(+0.391-0.391,+0.091-0.091)
 31 : 199.926( 0.041)|136.491 |36.499 |268.0 |187.0| 0.969(0.02) |43.0| 0.904(0.019) | 0.987(0.01,0.002) | 1.012(0.014) |0.47(0.049) |0.816(0.005,+0.071-0.071) |0.957(0.02)| 1.0(+0.0-0.0)| 84.452(+0.18-0.18,+0.09-0.09)
 32 : 77.078( 0.047)|51.694 |15.644 |68.0 |53.0| 0.969(0.02) |7.0| 0.904(0.019) | 0.987(0.01,0.002) | 1.012(0.014) |0.492(0.057) |0.935(0.005,+0.026-0.026) |0.961(0.02)| 1.0(+0.0-0.0)| 26.551(+0.292-0.292,+0.069-0.069)
 33 : 231.033( 0.036)|169.553 |39.437 |278.0 |188.0| 0.962(0.047) |61.0| 0.934(0.032) | 0.987(0.01,0.001) | 1.012(0.014) |0.486(0.041) |0.849(0.005,+0.04-0.04) |0.955(0.044)| 1.0(+0.0-0.0)| 98.125(+0.161-0.161,+0.074-0.074)
 34 : 119.021( 0.038)|89.521 |20.106 |125.0 |97.0| 0.962(0.047) |15.0| 0.934(0.032) | 0.988(0.01,0.001) | 1.012(0.014) |0.483(0.045) |0.994(0.005,+0.006-0.006) |0.959(0.045)| 1.0(+0.0-0.0)| 51.539(+0.205-0.205,+0.067-0.067)
 35 : 52.766( 0.062)|46.065 |5.076 |69.0 |55.0| 0.978(0.027) |12.0| 0.964(0.018) | 0.987(0.01,0.002) | 1.012(0.014) |0.469(0.071) |0.904(0.005,+0.021-0.021) |0.975(0.025)| 1.0(+0.0-0.0)| 27.774(+0.295-0.295,+0.08-0.08)
 36 : 71.74( 0.048)|59.035 |10.214 |70.0 |55.0| 0.978(0.027) |10.0| 0.964(0.018) | 0.987(0.01,0.002) | 1.012(0.014) |0.461(0.056) |0.97(0.005,+0.019-0.019) |0.976(0.026)| 1.0(+0.0-0.0)| 28.408(+0.284-0.284,+0.067-0.067)
 37 : 19.322( 0.089)|18.074 |1.247 |12.0 |12.0| 0.978(0.027) |0.0| 0.964(0.018) | 0.979(0.01,0.005) | 1.012(0.014) |0.375(0.107) |0.851(0.005,+0.063-0.063) |0.978(0.027)| 1.0(+0.0-0.0)| 3.779(+1.018-1.018,+0.128-0.128)
 38 : 10.195( 0.124)|9.52 |0.675 |4.0 |4.0| 0.978(0.027) |0.0| 0.964(0.018) | 0.979(0.01,0.006) | 1.012(0.014) |0.446(0.143) |0.88(0.005,+0.049-0.049) |0.978(0.027)| 1.0(+0.0-0.0)| 1.549(+1.682-1.682,+0.155-0.155)
 39 : 7.604( 0.18)|5.327 |1.561 |9.0 |5.0| 0.969(0.02) |3.0| 0.904(0.019) | 0.987(0.01,0.002) | 1.012(0.014) |0.483(0.225) |0.816(0.005,+0.071-0.071) |0.945(0.02)| 1.0(+0.0-0.0)| 2.978(+0.95-0.95,+0.237-0.237)
 40 : 9.977( 0.122)|6.431 |2.734 |9.0 |4.0| 0.969(0.02) |1.0| 0.904(0.019) | 0.987(0.01,0.002) | 1.012(0.014) |0.504(0.159) |0.935(0.005,+0.026-0.026) |0.956(0.02)| 1.0(+0.0-0.0)| 2.256(+0.991-0.991,+0.163-0.163)
 41 : 8.177( 0.153)|6.417 |1.398 |9.0 |4.0| 0.962(0.047) |3.0| 0.934(0.032) | 0.988(0.01,0.001) | 1.012(0.014) |0.482(0.19) |0.849(0.005,+0.04-0.04) |0.95(0.041)| 1.0(+0.0-0.0)| 2.72(+0.973-0.973,+0.199-0.199)
 42 : 13.904( 0.104)|9.788 |2.355 |14.0 |11.0| 0.962(0.047) |2.0| 0.934(0.032) | 0.987(0.01,0.001) | 1.012(0.014) |0.54(0.133) |0.994(0.005,+0.006-0.006) |0.958(0.045)| 1.0(+0.0-0.0)| 6.691(+0.539-0.539,+0.142-0.142)
 43 : 1.364( 0.335)|1.243 |0.0 |2.0 |2.0| 0.978(0.027) |0.0| 0.964(0.018) | 0.986(0.01,0.002) | 1.012(0.014) |0.63(0.399) |0.904(0.005,+0.021-0.021) |0.978(0.027)| 1.0(+0.0-0.0)| 1.117(+1.959-1.959,+0.401-0.401)
 44 : 8.53( 0.132)|6.973 |1.14 |9.0 |9.0| 0.978(0.027) |0.0| 0.964(0.018) | 0.987(0.01,0.002) | 1.012(0.014) |0.461(0.162) |0.97(0.005,+0.019-0.019) |0.978(0.027)| 1.0(+0.0-0.0)| 3.941(+0.871-0.871,+0.167-0.167)
 45 : 1.085( 0.376)|1.085 |0.0 |0.0 |0.0| 0.978(0.027) |0.0| 0.964(0.018) | 0.978(0.01,0.005) | 1.012(0.014) |0.405(0.441) |0.851(0.005,+0.063-0.063) |1.0(0.0)| 1.0(+0.0-0.0)| 0.0(+0.957-0.957,+0.446-0.446)
 46 : 1.333( 0.34)|1.231 |0.102 |0.0 |0.0| 0.978(0.027) |0.0| 0.964(0.018) | 0.978(0.01,0.005) | 1.012(0.014) |0.486(0.408) |0.977(0.005,+0.003-0.003) |1.0(0.0)| 1.0(+0.0-0.0)| 0.0(+1.148-1.148,+0.409-0.409)
