1   0.968682   0.00118913   0.00121899
2   0.985029   0.00112903   0.00118786
3   0.999767   0.000202495   0.000556807
4   0.97061   0.00113112   0.00115999
5   0.986955   0.00120533   0.00128338
6   0.998605   0.000738854   0.00115361
7   0.973631   0.00100847   0.00103412
8   0.979873   0.00103909   0.00107534
9   0.978111   0.00337569   0.00375342
10   0.989001   0.000672722   0.000700993
11   0.987478   0.00248973   0.00286554
12   0.99073   0.00110255   0.00119661
13   0.998959   0.00101214   0.00445457
14   0.933318   0.00182055   0.00185185
15   0.931527   0.00197269   0.00200844
16   0.947946   0.00348869   0.00364254
17   0.957936   0.00154102   0.00157787
18   0.935467   0.00215128   0.00219674
19   0.963005   0.00288384   0.00303558
20   0.972885   0.00122699   0.00126407
21   0.940776   0.0014337   0.00145571
22   0.956242   0.00229372   0.00237285
23   0.978565   0.000853377   0.000876119
24   0.953186   0.00289226   0.00301018
25   0.98252   0.00130677   0.00137406
26   0.964943   0.00583817   0.00653879
27   0.857658   0.0111733   0.0116834
28   0.898281   0.00459635   0.00472251
29   0.908905   0.0071915   0.00754912
30   0.899408   0.0101991   0.0108509
31   0.878267   0.00618395   0.0063698
32   0.92357   0.00650498   0.00686227
33   0.982285   0.00368263   0.00426432
34   0.899582   0.00424038   0.00434916
35   0.925334   0.00469799   0.00488646
36   0.952251   0.00354453   0.00371942
37   0.915936   0.00495197   0.00513516
38   0.968533   0.00381889   0.00414348
39   0.938556   0.0102045   0.0113843
40   0.816787   0.0247962   0.0266651
41   0.873187   0.0203259   0.022373
42   0.911864   0.0130169   0.0142896
43   0.812255   0.0301565   0.0328682
44   0.908677   0.0115604   0.012511
45   0.876069   0.0143653   0.015387
46   1   0   0.00100996
47   0.900731   0.0117601   0.0126498
48   0.967869   0.0110539   0.0142333
49   0.885541   0.0288063   0.0337605
50   1   0   0.0118136
51   0.634557   0.115937   0.127537
52   1   0   0.0103916
53   0.91268   0.0311352   0.0397601
54   1   0   0.0094099
55   0.911137   0.0232991   0.0276865
56   1   0   0.0195805
57   0.903218   0.0353671   0.0453225
58   1   0   0.032279
59   0.699715   0.0923498   0.104744
