1   0.874673   0.0080236   0.00832821
2   0.911791   0.00696   0.00730732
3   0.991379   0.00258253   0.00322403
4   0.896593   0.00908935   0.00958657
5   0.929996   0.0067249   0.00714846
6   0.966797   0.00727877   0.00847857
7   0.875528   0.0118638   0.0125482
8   0.897175   0.00629349   0.00652944
9   0.965071   0.0049314   0.00542395
10   0.913552   0.0076369   0.00806725
11   0.95054   0.00776394   0.00862029
12   0.965472   0.0069254   0.00795314
13   0.904059   0.0273577   0.032996
14   0.740782   0.0119245   0.0121671
15   0.782247   0.00718766   0.00730364
16   0.844536   0.0107957   0.0112196
17   0.791896   0.0126824   0.0130741
18   0.802838   0.00787646   0.00803798
19   0.835445   0.0134673   0.0140847
20   0.830063   0.0166737   0.0175894
21   0.803559   0.00659094   0.00670425
22   0.894656   0.00479739   0.00492944
23   0.810653   0.0110151   0.0113526
24   0.855883   0.00767441   0.00790792
25   0.858712   0.0100206   0.0104328
26   0.849388   0.0171344   0.0182757
27   0.740248   0.046569   0.050499
28   0.729828   0.0150549   0.0154157
29   0.811821   0.0136022   0.0141253
30   0.708112   0.0678309   0.0746707
31   0.699202   0.0207733   0.0213333
32   0.731362   0.0248209   0.0258283
33   0.591199   0.153678   0.166877
34   0.754718   0.016709   0.0172376
35   0.808302   0.009853   0.0101175
36   0.822169   0.02673   0.0290123
37   0.759157   0.0145914   0.0150053
38   0.769749   0.0302981   0.0322862
39   0.780043   0.0297328   0.0317932
40   0.737455   0.0441747   0.0476244
41   0.800672   0.0345875   0.0378873
42   0.68389   0.0749897   0.0820104
43   0.750518   0.0332186   0.0353147
44   0.611627   0.0737357   0.0773264
45   0.773748   0.0237258   0.0249618
46   0.466046   0.215605   0.207162
47   0.771774   0.0284627   0.0302355
48   0.908612   0.0484181   0.0717632
49   0.438847   0.0798993   0.0778297
50   1   0   0.0232125
51   0.886097   0.0423801   0.0542272
52   1   0   0.0445151
53   0.580114   0.147736   0.158195
54   1   0   0.0406407
55   0.879626   0.0386491   0.0474915
56   0   0.323522   0
57   0.60389   0.12292   0.132488
58   -nan   -nan   -nan
59   1   0   0.226152
