1   0.96866   0.00452318   0.00452318
2   0.984985   0.00549062   0.00549062
3   0.999557   0.000443186   0.000443186
4   0.970588   0.00405702   0.00405702
5   0.986897   0.006067   0.006067
6   0.998313   0.0012639   0.0012639
7   0.973612   0.00380445   0.00380445
8   0.979846   0.00415986   0.00415986
9   0.977829   0.0155806   0.0155806
10   0.98898   0.00277138   0.00277138
11   0.987198   0.00569051   0.00569051
12   0.99066   0.00227351   0.00227351
13   0.997136   0.00286072   0.00286072
14   0.933295   0.00565628   0.00565628
15   0.9315   0.00621858   0.00621858
16   0.947831   0.0118254   0.0118254
17   0.957909   0.00528844   0.00528844
18   0.935433   0.0068673   0.0068673
19   0.962892   0.00982579   0.00982579
20   0.972857   0.00477828   0.00477828
21   0.940759   0.00454776   0.00454776
22   0.956183   0.00636185   0.00636185
23   0.978548   0.00331518   0.00331518
24   0.953098   0.00743615   0.00743615
25   0.982469   0.00256925   0.00256925
26   0.96442   0.00884979   0.00884979
27   0.857276   0.0257519   0.0257519
28   0.898186   0.012194   0.012194
29   0.908638   0.0198302   0.0198302
30   0.89892   0.0264941   0.0264941
31   0.878127   0.0151257   0.0151257
32   0.923302   0.0182165   0.0182165
33   0.981853   0.0141235   0.0141235
34   0.899501   0.0111634   0.0111634
35   0.925193   0.012544   0.012544
36   0.95212   0.0120264   0.0120264
37   0.915799   0.00897635   0.00897635
38   0.96829   0.0067406   0.0067406
39   0.937674   0.0144655   0.0144655
40   0.821335   0.0502171   0.0502171
41   0.833119   0.0526921   0.0526921
42   0.914034   0.0334413   0.0334413
43   0.818471   0.0567563   0.0567563
44   0.910777   0.0293525   0.0293525
45   0.878632   0.0302955   0.0302955
46   1   0   0
47   0.899678   0.0199542   0.0199542
48   0.967887   0.0179023   0.0179023
49   0.84723   0.0418738   0.0418738
50   0.821335   0.0502171   0.0502171
51   0.833119   0.0526921   0.0526921
52   0.914034   0.0334413   0.0334413
53   0.818471   0.0567563   0.0567563
54   0.910777   0.0293525   0.0293525
55   0.878632   0.0302955   0.0302955
56   1   0   0
57   0.899678   0.0199542   0.0199542
58   0.967887   0.0179023   0.0179023
59   0.84723   0.0418738   0.0418738
