1   0.970621   0.00406014   0.00406014
2   0.970621   0.00406014   0.00406014
3   0.970621   0.00406014   0.00406014
4   0.9722   0.00371772   0.00371772
5   0.9722   0.00371772   0.00371772
6   0.9722   0.00371772   0.00371772
7   0.975117   0.00303841   0.00303841
8   0.975117   0.00303841   0.00303841
9   0.975117   0.00303841   0.00303841
10   0.988916   0.00267959   0.00267959
11   0.988916   0.00267959   0.00267959
12   0.990901   0.00219168   0.00219168
13   0.990901   0.00219168   0.00219168
14   0.933187   0.00449525   0.00449525
15   0.933187   0.00449525   0.00449525
16   0.933187   0.00449525   0.00449525
17   0.951805   0.00415367   0.00415367
18   0.951805   0.00415367   0.00415367
19   0.951805   0.00415367   0.00415367
20   0.955783   0.00316843   0.00316843
21   0.955783   0.00316843   0.00316843
22   0.955783   0.00316843   0.00316843
23   0.9758   0.00306134   0.00306134
24   0.9758   0.00306134   0.00306134
25   0.98094   0.00246818   0.00246818
26   0.98094   0.00246818   0.00246818
27   0.88065   0.0132108   0.0132108
28   0.88065   0.0132108   0.0132108
29   0.88065   0.0132108   0.0132108
30   0.889002   0.012489   0.012489
31   0.889002   0.012489   0.012489
32   0.889002   0.012489   0.012489
33   0.914334   0.00861225   0.00861225
34   0.914334   0.00861225   0.00861225
35   0.914334   0.00861225   0.00861225
36   0.94164   0.00887106   0.00887106
37   0.94164   0.00887106   0.00887106
38   0.962   0.00612735   0.00612735
39   0.962   0.00612735   0.00612735
40   0.842999   0.0387699   0.0387699
41   0.842999   0.0387699   0.0387699
42   0.886439   0.0293865   0.0293865
43   0.886439   0.0293865   0.0293865
44   0.897672   0.0225052   0.0225052
45   0.897672   0.0225052   0.0225052
46   0.944219   0.0119873   0.0119873
47   0.944219   0.0119873   0.0119873
48   0.933811   0.0203268   0.0203268
49   0.933811   0.0203268   0.0203268
50   0.763183   0.122951   0.122951
51   0.763183   0.122951   0.122951
52   0.949311   0.0371839   0.0371839
53   0.949311   0.0371839   0.0371839
54   0.93897   0.0309097   0.0309097
55   0.93897   0.0309097   0.0309097
56   0.920983   0.0591252   0.0591252
57   0.920983   0.0591252   0.0591252
58   0.799583   0.0857546   0.0857546
59   0.799583   0.0857546   0.0857546
