1   0.874445   0.019646   0.019646
2   0.911531   0.0204342   0.0204342
3   0.990906   0.004906   0.004906
4   0.896221   0.0241246   0.0241246
5   0.929679   0.0218405   0.0218405
6   0.965904   0.0276085   0.0276085
7   0.875015   0.0279732   0.0279732
8   0.896998   0.0164905   0.0164905
9   0.964703   0.0102821   0.0102821
10   0.91323   0.0212545   0.0212545
11   0.9499   0.0157683   0.0157683
12   0.964707   0.0150852   0.0150852
13   0.899853   0.04152   0.04152
14   0.7406   0.0196175   0.0196175
15   0.782161   0.0131496   0.0131496
16   0.844219   0.0236075   0.0236075
17   0.791602   0.023211   0.023211
18   0.802717   0.0152138   0.0152138
19   0.834982   0.0290416   0.0290416
20   0.829377   0.0337621   0.0337621
21   0.803474   0.0126829   0.0126829
22   0.894557   0.0100041   0.0100041
23   0.8104   0.0217635   0.0217635
24   0.855708   0.0141711   0.0141711
25   0.858403   0.0154169   0.0154169
26   0.848532   0.0225436   0.0225436
27   0.737282   0.0796419   0.0796419
28   0.729558   0.0242417   0.0242417
29   0.811429   0.0259527   0.0259527
30   0.702903   0.106886   0.106886
31   0.698782   0.031285   0.031285
32   0.730606   0.0403622   0.0403622
33   0.580378   0.197236   0.197236
34   0.754322   0.0286692   0.0286692
35   0.808104   0.0170033   0.0170033
36   0.820456   0.0562251   0.0562251
37   0.758847   0.022021   0.022021
38   0.768256   0.0427275   0.0427275
39   0.778495   0.0378812   0.0378812
40   0.74017   0.0729978   0.0729978
41   0.806122   0.0619344   0.0619344
42   0.684276   0.112249   0.112249
43   0.726818   0.0538568   0.0538568
44   0.61501   0.0935001   0.0935001
45   0.780896   0.0354074   0.0354074
46   0.458661   0.209947   0.209947
47   0.754416   0.0403308   0.0403308
48   0.891482   0.0719943   0.0719943
49   0.461432   0.0753571   0.0753571
50   0.74017   0.0729978   0.0729978
51   0.806122   0.0619344   0.0619344
52   0.684276   0.112249   0.112249
53   0.726818   0.0538568   0.0538568
54   0.61501   0.0935001   0.0935001
55   0.780896   0.0354074   0.0354074
56   0.458661   0.209947   0.209947
57   0.754416   0.0403308   0.0403308
58   0.891482   0.0719943   0.0719943
59   0.461432   0.0753571   0.0753571
