1   0.968682   0.00118913   0.00121899
2   0.985029   0.00112903   0.00118786
3   0.999767   0.000202495   0.000556807
4   0.97061   0.00113112   0.00115999
5   0.986955   0.00120533   0.00128337
6   0.998605   0.000738854   0.00115361
7   0.973631   0.00100847   0.00103412
8   0.979873   0.00103908   0.00107534
9   0.978111   0.00337569   0.00375342
10   0.989001   0.000672723   0.000700993
11   0.987478   0.00248973   0.00286554
12   0.99073   0.00110255   0.00119661
13   0.998959   0.00101214   0.00445457
14   0.933318   0.00182055   0.00185185
15   0.931527   0.00197269   0.00200843
16   0.947946   0.00348869   0.00364254
17   0.957936   0.00154102   0.00157787
18   0.935467   0.00215129   0.00219674
19   0.963005   0.00288384   0.00303558
20   0.972885   0.00122699   0.00126406
21   0.940776   0.0014337   0.00145571
22   0.956242   0.00229372   0.00237285
23   0.978565   0.000853376   0.00087612
24   0.953186   0.00289226   0.00301018
25   0.98252   0.00130678   0.00137406
26   0.964943   0.00583817   0.00653879
27   0.857658   0.0111733   0.0116834
28   0.898281   0.00459634   0.00472252
29   0.908905   0.0071915   0.00754912
30   0.899408   0.0101991   0.0108509
31   0.878267   0.00618395   0.0063698
32   0.92357   0.00650498   0.00686227
33   0.982285   0.00368263   0.00426432
34   0.899582   0.00424039   0.00434916
35   0.925334   0.00469799   0.00488647
36   0.952251   0.00354453   0.00371942
37   0.915936   0.00495197   0.00513517
38   0.968533   0.00381889   0.00414348
39   0.938556   0.0102045   0.0113843
40   0.822675   0.0237224   0.0255096
41   0.834654   0.0241357   0.0261821
42   0.914937   0.0124386   0.0136469
43   0.820253   0.0274422   0.0298162
44   0.911457   0.0111144   0.0120237
45   0.879286   0.0130996   0.0139723
46   1   0   0.000963208
47   0.900288   0.0113073   0.0121229
48   0.970074   0.010299   0.0132717
49   0.850037   0.0301063   0.0338485
50   0.822675   0.0237224   0.0255096
51   0.834654   0.0241357   0.0261821
52   0.914937   0.0124386   0.0136469
53   0.820253   0.0274422   0.0298162
54   0.911457   0.0111144   0.0120237
55   0.879286   0.0130996   0.0139723
56   1   0   0.000963208
57   0.900288   0.0113073   0.0121229
58   0.970074   0.010299   0.0132717
59   0.850037   0.0301063   0.0338485
