1   0.97061   0.00113112   0.00115999
2   0.986955   0.00120533   0.00128337
3   0.998605   0.000738854   0.00115361
4   0.973631   0.00100847   0.00103412
5   0.979873   0.00103908   0.00107534
6   0.978111   0.00337569   0.00375342
7   0.989001   0.000672723   0.000700993
8   0.987478   0.00248973   0.00286554
9   0.99073   0.00110255   0.00119661
10   0.998959   0.00101214   0.00445457
11   0.957936   0.00154102   0.00157787
12   0.935467   0.00215129   0.00219674
13   0.963005   0.00288384   0.00303558
14   0.972885   0.00122699   0.00126406
15   0.940776   0.0014337   0.00145571
16   0.956242   0.00229372   0.00237285
17   0.978565   0.000853376   0.00087612
18   0.953186   0.00289226   0.00301018
19   0.98252   0.00130678   0.00137406
20   0.964943   0.00583817   0.00653879
21   0.899408   0.0101991   0.0108509
22   0.878267   0.00618395   0.0063698
23   0.92357   0.00650498   0.00686227
24   0.982285   0.00368263   0.00426432
25   0.899582   0.00424039   0.00434916
26   0.925334   0.00469799   0.00488647
27   0.952251   0.00354453   0.00371942
28   0.915936   0.00495197   0.00513517
29   0.968533   0.00381889   0.00414348
30   0.938556   0.0102045   0.0113843
31   0.914937   0.0124386   0.0136469
32   0.820253   0.0274422   0.0298162
33   0.911457   0.0111144   0.0120237
34   0.879286   0.0130996   0.0139723
35   1   0   0.000963208
36   0.900288   0.0113073   0.0121229
37   0.970074   0.010299   0.0132717
38   0.850037   0.0301063   0.0338485
39   0.914937   0.0124386   0.0136469
40   0.820253   0.0274422   0.0298162
41   0.911457   0.0111144   0.0120237
42   0.879286   0.0130996   0.0139723
43   1   0   0.000963208
44   0.900288   0.0113073   0.0121229
45   0.970074   0.010299   0.0132717
46   0.850037   0.0301063   0.0338485
