0 0.905897332179 0.013544863678 0.013544863678
1 0.936447790899 0.0143765801817 0.0143765801817
2 0.983256057551 0.00692879760427 0.00692879760427
3 0.905709591889 0.0175414418938 0.0175414418938
4 0.93944667556 0.0160039208876 0.0160039208876
5 0.951270993782 0.0322553543488 0.0322553543488
6 0.886121440255 0.0223697291334 0.0223697291334
7 0.894905385098 0.014940100277 0.014940100277
8 0.951999224919 0.0203429086583 0.0203429086583
9 0.936606564111 0.0161377293567 0.0161377293567
10 0.943979314092 0.015098658904 0.015098658904
11 0.949227172821 0.0152148136736 0.0152148136736
12 0.916620969078 0.0452148041007 0.0452148041007
13 0.801863306882 0.0155604980138 0.0155604980138
14 0.798226775973 0.0116733184403 0.0116733184403
15 0.85024423905 0.020221718135 0.020221718135
16 0.779568285653 0.0225828846192 0.0225828846192
17 0.796398346041 0.013971046059 0.013971046059
18 0.868885514233 0.0216679607046 0.0216679607046
19 0.81849399112 0.0330546505732 0.0330546505732
20 0.828628458866 0.0106846871921 0.0106846871921
21 0.8577498552 0.0129558499994 0.0129558499994
22 0.817870456796 0.0194429094291 0.0194429094291
23 0.877649414566 0.01034218563 0.01034218563
24 0.886520846908 0.0139099023599 0.0139099023599
25 0.860263316348 0.0234626564798 0.0234626564798
26 0.773838407115 0.0613264770312 0.0613264770312
27 0.735529043897 0.0210085291673 0.0210085291673
28 0.790190047691 0.0279324182117 0.0279324182117
29 0.603669336749 0.106568594367 0.106568594367
30 0.654871757642 0.0291175276171 0.0291175276171
31 0.764662275132 0.0324295590961 0.0324295590961
32 0.785508521305 0.176166601135 0.176166601135
33 0.676862815219 0.0249850202777 0.0249850202777
34 0.785770147471 0.0216544646372 0.0216544646372
35 0.780556069556 0.0538801808045 0.0538801808045
36 0.706972441493 0.0279532513922 0.0279532513922
37 0.813975018297 0.0397105395403 0.0397105395403
38 0.763781001664 0.0475335464611 0.0475335464611
39 0.717931207508 0.0702967864923 0.0702967864923
40 0.808691560617 0.0480807588054 0.0480807588054
41 0.845457526422 0.0702049178133 0.0702049178133
42 0.692724136175 0.0723389780626 0.0723389780626
43 0.734214348073 0.0844862926962 0.0844862926962
44 0.598083643039 0.0542691464528 0.0542691464528
45 0.500018649763 0.211393780093 0.211393780093
46 0.72762296845 0.0463553495784 0.0463553495784
47 0.929538302894 0.0534779511036 0.0534779511036
48 0.385823180824 0.146257142503 0.146257142503
49 0.717931207508 0.0702967864923 0.0702967864923
50 0.808691560617 0.0480807588054 0.0480807588054
51 0.845457526422 0.0702049178133 0.0702049178133
52 0.692724136175 0.0723389780626 0.0723389780626
53 0.734214348073 0.0844862926962 0.0844862926962
54 0.598083643039 0.0542691464528 0.0542691464528
55 0.500018649763 0.211393780093 0.211393780093
56 0.72762296845 0.0463553495784 0.0463553495784
57 0.929538302894 0.0534779511036 0.0534779511036
58 0.385823180824 0.146257142503 0.146257142503
