0 0.972057175158 0.00364318715225 0.00364318715225
1 0.982964079212 0.00520172589511 0.00520172589511
2 0.994633642293 0.00309661327827 0.00309661327827
3 0.976828992242 0.00311237737103 0.00311237737103
4 0.980970848395 0.00614791380317 0.00614791380317
5 0.979579982675 0.019080657171 0.019080657171
6 0.97784011656 0.00260115484549 0.00260115484549
7 0.982804183987 0.00339421256783 0.00339421256783
8 0.992417156153 0.00300896487375 0.00300896487375
9 0.989805871938 0.00237958264961 0.00237958264961
10 0.986560350194 0.00564253813676 0.00564253813676
11 0.993140177096 0.00171231075558 0.00171231075558
12 1.0 0.0 0.0
13 0.931309169221 0.00482326025156 0.00482326025156
14 0.928233679596 0.00586918213605 0.00586918213605
15 0.949659292111 0.0101775425856 0.0101775425856
16 0.953618816921 0.00472672419724 0.00472672419724
17 0.936163434222 0.0060139060396 0.0060139060396
18 0.961005301397 0.00944653713384 0.00944653713384
19 0.972139532712 0.00362165271666 0.00362165271666
20 0.940385724616 0.00427658763978 0.00427658763978
21 0.950197508549 0.0076859771519 0.0076859771519
22 0.976655247901 0.00313332384307 0.00313332384307
23 0.950450944646 0.00644662330656 0.00644662330656
24 0.983798750782 0.00214019101211 0.00214019101211
25 0.971620466278 0.0078284755378 0.0078284755378
26 0.911242434218 0.0169849072727 0.0169849072727
27 0.861258593177 0.0131316086164 0.0131316086164
28 0.931898515296 0.0153349930741 0.0153349930741
29 0.925226088907 0.0198831978828 0.0198831978828
30 0.863168788586 0.0151767876373 0.0151767876373
31 0.89820726474 0.0227080714203 0.0227080714203
32 0.982895043944 0.011932681469 0.011932681469
33 0.900606253693 0.00953985115767 0.00953985115767
34 0.915769869158 0.0129774156372 0.0129774156372
35 0.955916109115 0.00994861188294 0.00994861188294
36 0.905015525661 0.0112644241635 0.0112644241635
37 0.970899244113 0.00620923007619 0.00620923007619
38 0.922902661284 0.0196109392443 0.0196109392443
39 0.795618770136 0.0385825725438 0.0385825725438
40 0.887168767138 0.0389148815827 0.0389148815827
41 0.879589782771 0.042733589693 0.042733589693
42 0.815529645074 0.0578590406899 0.0578590406899
43 0.934845627087 0.0247305918775 0.0247305918775
44 0.848863230508 0.0335643828641 0.0335643828641
45 0.994014071109 0.0059844217789 0.0059844217789
46 0.904401397286 0.0186686662384 0.0186686662384
47 0.96992243711 0.0179546806945 0.0179546806945
48 0.851114705095 0.053300605347 0.053300605347
49 0.795618770136 0.0385825725438 0.0385825725438
50 0.887168767138 0.0389148815827 0.0389148815827
51 0.879589782771 0.042733589693 0.042733589693
52 0.815529645074 0.0578590406899 0.0578590406899
53 0.934845627087 0.0247305918775 0.0247305918775
54 0.848863230508 0.0335643828641 0.0335643828641
55 0.994014071109 0.0059844217789 0.0059844217789
56 0.904401397286 0.0186686662384 0.0186686662384
57 0.96992243711 0.0179546806945 0.0179546806945
58 0.851114705095 0.053300605347 0.053300605347
