1   0.883967   0.0159875   0.0159875
2   0.883967   0.0159875   0.0159875
3   0.883967   0.0159875   0.0159875
4   0.909056   0.0173057   0.0173057
5   0.909056   0.0173057   0.0173057
6   0.909056   0.0173057   0.0173057
7   0.893286   0.0138746   0.0138746
8   0.893286   0.0138746   0.0138746
9   0.893286   0.0138746   0.0138746
10   0.918867   0.0182477   0.0182477
11   0.918867   0.0182477   0.0182477
12   0.95627   0.0141968   0.0141968
13   0.95627   0.0141968   0.0141968
14   0.763524   0.0119335   0.0119335
15   0.763524   0.0119335   0.0119335
16   0.763524   0.0119335   0.0119335
17   0.801447   0.0121272   0.0121272
18   0.801447   0.0121272   0.0121272
19   0.801447   0.0121272   0.0121272
20   0.818322   0.0105495   0.0105495
21   0.818322   0.0105495   0.0105495
22   0.818322   0.0105495   0.0105495
23   0.823863   0.0160684   0.0160684
24   0.823863   0.0160684   0.0160684
25   0.856094   0.0129241   0.0129241
26   0.856094   0.0129241   0.0129241
27   0.742172   0.0229047   0.0229047
28   0.742172   0.0229047   0.0229047
29   0.742172   0.0229047   0.0229047
30   0.705899   0.0255057   0.0255057
31   0.705899   0.0255057   0.0255057
32   0.705899   0.0255057   0.0255057
33   0.765773   0.0213461   0.0213461
34   0.765773   0.0213461   0.0213461
35   0.765773   0.0213461   0.0213461
36   0.784041   0.0257559   0.0257559
37   0.784041   0.0257559   0.0257559
38   0.772853   0.0290863   0.0290863
39   0.772853   0.0290863   0.0290863
40   0.594926   0.0994813   0.0994813
41   0.594926   0.0994813   0.0994813
42   0.710759   0.0703621   0.0703621
43   0.710759   0.0703621   0.0703621
44   0.69426   0.054255   0.054255
45   0.69426   0.054255   0.054255
46   0.696004   0.0862974   0.0862974
47   0.696004   0.0862974   0.0862974
48   0.579494   0.0662109   0.0662109
49   0.579494   0.0662109   0.0662109
50   0.910261   0.0633958   0.0633958
51   0.910261   0.0633958   0.0633958
52   0.633094   0.17341   0.17341
53   0.633094   0.17341   0.17341
54   0.891178   0.0475479   0.0475479
55   0.891178   0.0475479   0.0475479
56   0.538646   0.137586   0.137586
57   0.538646   0.137586   0.137586
58   0.892749   0.108429   0.108429
59   0.892749   0.108429   0.108429
