1   0.97061   0.00115999   0.00113112
2   0.986955   0.00128338   0.00120533
3   0.998605   0.00115361   0.000738854
4   0.973631   0.00103412   0.00100847
5   0.979873   0.00107534   0.00103909
6   0.978111   0.00375342   0.00337569
7   0.989001   0.000700993   0.000672722
8   0.987478   0.00286554   0.00248973
9   0.99073   0.00119661   0.00110255
10   0.998959   0.00445457   0.00101214
11   0.957936   0.00157787   0.00154102
12   0.935467   0.00219674   0.00215128
13   0.963005   0.00303558   0.00288384
14   0.972885   0.00126407   0.00122699
15   0.940776   0.00145571   0.0014337
16   0.956242   0.00237285   0.00229372
17   0.978565   0.000876119   0.000853377
18   0.953186   0.00301018   0.00289226
19   0.98252   0.00137406   0.00130677
20   0.964943   0.00653879   0.00583817
21   0.899408   0.0108509   0.0101991
22   0.878267   0.0063698   0.00618395
23   0.92357   0.00686227   0.00650498
24   0.982285   0.00426432   0.00368263
25   0.899582   0.00434916   0.00424038
26   0.925334   0.00488646   0.00469799
27   0.952251   0.00371942   0.00354453
28   0.915936   0.00513516   0.00495197
29   0.968533   0.00414348   0.00381889
30   0.938556   0.0113843   0.0102045
31   0.911864   0.0142896   0.0130169
32   0.812255   0.0328682   0.0301565
33   0.908677   0.012511   0.0115604
34   0.876069   0.015387   0.0143653
35   1   0.00100996   0
36   0.900731   0.0126498   0.0117601
37   0.967869   0.0142333   0.0110539
38   0.885541   0.0337605   0.0288063
39   1   0.0103916   0
40   0.91268   0.0397601   0.0311352
41   1   0.0094099   0
42   0.911137   0.0276865   0.0232991
43   1   0.0195805   0
44   0.903218   0.0453225   0.0353671
45   1   0.032279   0
46   0.699715   0.104744   0.0923498
