1   0.9722   0.00371772   0.00371772
2   0.9722   0.00371772   0.00371772
3   0.9722   0.00371772   0.00371772
4   0.975117   0.00303841   0.00303841
5   0.975117   0.00303841   0.00303841
6   0.975117   0.00303841   0.00303841
7   0.988916   0.00267959   0.00267959
8   0.988916   0.00267959   0.00267959
9   0.990901   0.00219168   0.00219168
10   0.990901   0.00219168   0.00219168
11   0.951805   0.00415367   0.00415367
12   0.951805   0.00415367   0.00415367
13   0.951805   0.00415367   0.00415367
14   0.955783   0.00316843   0.00316843
15   0.955783   0.00316843   0.00316843
16   0.955783   0.00316843   0.00316843
17   0.9758   0.00306134   0.00306134
18   0.9758   0.00306134   0.00306134
19   0.98094   0.00246818   0.00246818
20   0.98094   0.00246818   0.00246818
21   0.889002   0.012489   0.012489
22   0.889002   0.012489   0.012489
23   0.889002   0.012489   0.012489
24   0.914334   0.00861225   0.00861225
25   0.914334   0.00861225   0.00861225
26   0.914334   0.00861225   0.00861225
27   0.94164   0.00887106   0.00887106
28   0.94164   0.00887106   0.00887106
29   0.962   0.00612735   0.00612735
30   0.962   0.00612735   0.00612735
31   0.886439   0.0293865   0.0293865
32   0.886439   0.0293865   0.0293865
33   0.897672   0.0225052   0.0225052
34   0.897672   0.0225052   0.0225052
35   0.944219   0.0119873   0.0119873
36   0.944219   0.0119873   0.0119873
37   0.933811   0.0203268   0.0203268
38   0.933811   0.0203268   0.0203268
39   0.949311   0.0371839   0.0371839
40   0.949311   0.0371839   0.0371839
41   0.93897   0.0309097   0.0309097
42   0.93897   0.0309097   0.0309097
43   0.920983   0.0591252   0.0591252
44   0.920983   0.0591252   0.0591252
45   0.799583   0.0857546   0.0857546
46   0.799583   0.0857546   0.0857546
