0 0.976828992242 0.00311237737103 0.00311237737103
1 0.980970848395 0.00614791380317 0.00614791380317
2 0.979579982675 0.019080657171 0.019080657171
3 0.97784011656 0.00260115484549 0.00260115484549
4 0.982804183987 0.00339421256783 0.00339421256783
5 0.992417156153 0.00300896487375 0.00300896487375
6 0.989805871938 0.00237958264961 0.00237958264961
7 0.986560350194 0.00564253813676 0.00564253813676
8 0.993140177096 0.00171231075558 0.00171231075558
9 1.0 0.0 0.0
10 0.953618816921 0.00472672419724 0.00472672419724
11 0.936163434222 0.0060139060396 0.0060139060396
12 0.961005301397 0.00944653713384 0.00944653713384
13 0.972139532712 0.00362165271666 0.00362165271666
14 0.940385724616 0.00427658763978 0.00427658763978
15 0.950197508549 0.0076859771519 0.0076859771519
16 0.976655247901 0.00313332384307 0.00313332384307
17 0.950450944646 0.00644662330656 0.00644662330656
18 0.983798750782 0.00214019101211 0.00214019101211
19 0.971620466278 0.0078284755378 0.0078284755378
20 0.925226088907 0.0198831978828 0.0198831978828
21 0.863168788586 0.0151767876373 0.0151767876373
22 0.89820726474 0.0227080714203 0.0227080714203
23 0.982895043944 0.011932681469 0.011932681469
24 0.900606253693 0.00953985115767 0.00953985115767
25 0.915769869158 0.0129774156372 0.0129774156372
26 0.955916109115 0.00994861188294 0.00994861188294
27 0.905015525661 0.0112644241635 0.0112644241635
28 0.970899244113 0.00620923007619 0.00620923007619
29 0.922902661284 0.0196109392443 0.0196109392443
30 0.879589782771 0.042733589693 0.042733589693
31 0.815529645074 0.0578590406899 0.0578590406899
32 0.934845627087 0.0247305918775 0.0247305918775
33 0.848863230508 0.0335643828641 0.0335643828641
34 0.994014071109 0.0059844217789 0.0059844217789
35 0.904401397286 0.0186686662384 0.0186686662384
36 0.96992243711 0.0179546806945 0.0179546806945
37 0.851114705095 0.053300605347 0.053300605347
38 0.879589782771 0.042733589693 0.042733589693
39 0.815529645074 0.0578590406899 0.0578590406899
40 0.934845627087 0.0247305918775 0.0247305918775
41 0.848863230508 0.0335643828641 0.0335643828641
42 0.994014071109 0.0059844217789 0.0059844217789
43 0.904401397286 0.0186686662384 0.0186686662384
44 0.96992243711 0.0179546806945 0.0179546806945
45 0.851114705095 0.053300605347 0.053300605347
