1   0.970588   0.00405702   0.00405702
2   0.986897   0.006067   0.006067
3   0.998313   0.0012639   0.0012639
4   0.973612   0.00380445   0.00380445
5   0.979846   0.00415986   0.00415986
6   0.977829   0.0155806   0.0155806
7   0.98898   0.00277138   0.00277138
8   0.987198   0.00569051   0.00569051
9   0.99066   0.00227351   0.00227351
10   0.997136   0.00286072   0.00286072
11   0.957909   0.00528844   0.00528844
12   0.935433   0.0068673   0.0068673
13   0.962892   0.00982579   0.00982579
14   0.972857   0.00477828   0.00477828
15   0.940759   0.00454776   0.00454776
16   0.956183   0.00636185   0.00636185
17   0.978548   0.00331518   0.00331518
18   0.953098   0.00743615   0.00743615
19   0.982469   0.00256925   0.00256925
20   0.96442   0.00884979   0.00884979
21   0.89892   0.0264941   0.0264941
22   0.878127   0.0151257   0.0151257
23   0.923302   0.0182165   0.0182165
24   0.981853   0.0141235   0.0141235
25   0.899501   0.0111634   0.0111634
26   0.925193   0.012544   0.012544
27   0.95212   0.0120264   0.0120264
28   0.915799   0.00897635   0.00897635
29   0.96829   0.0067406   0.0067406
30   0.937674   0.0144655   0.0144655
31   0.914034   0.0334413   0.0334413
32   0.818471   0.0567563   0.0567563
33   0.910777   0.0293525   0.0293525
34   0.878632   0.0302955   0.0302955
35   1   0   0
36   0.899678   0.0199542   0.0199542
37   0.967887   0.0179023   0.0179023
38   0.84723   0.0418738   0.0418738
39   0.914034   0.0334413   0.0334413
40   0.818471   0.0567563   0.0567563
41   0.910777   0.0293525   0.0293525
42   0.878632   0.0302955   0.0302955
43   1   0   0
44   0.899678   0.0199542   0.0199542
45   0.967887   0.0179023   0.0179023
46   0.84723   0.0418738   0.0418738
