#purity EB:         purity EB error:     purity EE:          purity EE error:     
0.9571262157256667 0.028548623696999953 0.8542563066026667  0.02719071511000004  
0.9571262157256667 0.028548623696999953 0.8542563066026667  0.02719071511000004  
0.9571262157256667 0.028548623696999953 0.8542563066026667  0.02719071511000004  
0.9570707686113333 0.022519180603999933 0.8767865384989999  0.025884722267999982 
0.9570707686113333 0.022519180603999933 0.8767865384989999  0.025884722267999982 
0.9570707686113333 0.022519180603999933 0.8767865384989999  0.025884722267999982 
0.9491185639966666 0.04931889553299995  0.9038503113993334  0.02499911767100005  
0.9491185639966666 0.04931889553299995  0.9038503113993334  0.02499911767100005  
0.9491185639966666 0.04931889553299995  0.9038503113993334  0.02499911767100005  
0.9523816785083333 0.10100195912200005  0.9260611562946666  0.07397645222000004  
0.9523816785083333 0.10100195912200005  0.9260611562946666  0.07397645222000004  
0.9523816785083333 0.10100195912200005  0.9260611562946666  0.07397645222000004  
0.9523816785083333 0.10100195912200005  0.9260611562946666  0.07397645222000004  
0.9571262157256667 0.028548623696999953 0.8542563066026667  0.02719071511000004  
0.9571262157256667 0.028548623696999953 0.8542563066026667  0.02719071511000004  
0.9571262157256667 0.028548623696999953 0.8542563066026667  0.02719071511000004  
0.9570707686113333 0.022519180603999933 0.8767865384989999  0.025884722267999982 
0.9570707686113333 0.022519180603999933 0.8767865384989999  0.025884722267999982 
0.9570707686113333 0.022519180603999933 0.8767865384989999  0.025884722267999982 
0.9491185639966666 0.04931889553299995  0.9038503113993334  0.02499911767100005  
0.9491185639966666 0.04931889553299995  0.9038503113993334  0.02499911767100005  
0.9491185639966666 0.04931889553299995  0.9038503113993334  0.02499911767100005  
0.9523816785083333 0.10100195912200005  0.9260611562946666  0.07397645222000004  
0.9523816785083333 0.10100195912200005  0.9260611562946666  0.07397645222000004  
0.9523816785083333 0.10100195912200005  0.9260611562946666  0.07397645222000004  
0.9523816785083333 0.10100195912200005  0.9260611562946666  0.07397645222000004  
0.9571262157256667 0.028548623696999953 0.8542563066026667  0.02719071511000004  
0.9571262157256667 0.028548623696999953 0.8542563066026667  0.02719071511000004  
0.9571262157256667 0.028548623696999953 0.8542563066026667  0.02719071511000004  
0.9570707686113333 0.022519180603999933 0.8767865384989999  0.025884722267999982 
0.9570707686113333 0.022519180603999933 0.8767865384989999  0.025884722267999982 
0.9570707686113333 0.022519180603999933 0.8767865384989999  0.025884722267999982 
0.9491185639966666 0.04931889553299995  0.9038503113993334  0.02499911767100005  
0.9491185639966666 0.04931889553299995  0.9038503113993334  0.02499911767100005  
0.9491185639966666 0.04931889553299995  0.9038503113993334  0.02499911767100005  
0.9523816785083333 0.10100195912200005  0.9260611562946666  0.07397645222000004  
0.9523816785083333 0.10100195912200005  0.9260611562946666  0.07397645222000004  
0.9523816785083333 0.10100195912200005  0.9260611562946666  0.07397645222000004  
0.9523816785083333 0.10100195912200005  0.9260611562946666  0.07397645222000004  
0.9571262157256667 0.028548623696999953 0.8542563066026667  0.02719071511000004  
0.9571262157256667 0.028548623696999953 0.8542563066026667  0.02719071511000004  
0.9571262157256667 0.028548623696999953 0.8542563066026667  0.02719071511000004  
0.9570707686113333 0.022519180603999933 0.8767865384989999  0.025884722267999982 
0.9570707686113333 0.022519180603999933 0.8767865384989999  0.025884722267999982 
0.9491185639966666 0.04931889553299995  0.9038503113993334  0.02499911767100005  
0.9491185639966666 0.04931889553299995  0.9038503113993334  0.02499911767100005  
0.9523816785083333 0.10100195912200005  0.9260611562946666  0.07397645222000004  
0.9523816785083333 0.10100195912200005  0.9260611562946666  0.07397645222000004  
0.9523816785083333 0.10100195912200005  0.9260611562946666  0.07397645222000004  
0.9523816785083333 0.10100195912200005  0.9260611562946666  0.07397645222000004  
0.9571262157256667 0.028548623696999953 0.8542563066026667  0.02719071511000004  
0.9571262157256667 0.028548623696999953 0.8542563066026667  0.02719071511000004  
0.9571262157256667 0.028548623696999953 0.8542563066026667  0.02719071511000004  
0.9570707686113333 0.022519180603999933 0.8767865384989999  0.025884722267999982 
0.9570707686113333 0.022519180603999933 0.8767865384989999  0.025884722267999982 
0.9491185639966666 0.04931889553299995  0.9038503113993334  0.02499911767100005  
0.9491185639966666 0.04931889553299995  0.9038503113993334  0.02499911767100005  
0.9523816785083333 0.10100195912200005  0.9260611562946666  0.07397645222000004  
0.9523816785083333 0.10100195912200005  0.9260611562946666  0.07397645222000004
