 binIndex : nMCGJ( nMCerr)|nMCEBt |nMCECt |Nobs |nEB| pEB(pEBerr) |nEC| pEC(pECerr) | trigW(trigWsysErr,trigWerr) | SF(SFerr) | ZJetsHisto_Rzg | GJetsHisto_Rzg | ZgR(REr1) |f(fsysErr,+ferrUp-ferrDn) |purity(pErr)| DR(+DRup-DRlow) |Yield(+YstatUp-YstatLow,+YsysUp-YsysLow)
 1 : 27497.531( 0.015)|20414.358 |7083.054 |39635.0 |28392.0| 0.972(0.006) |11243.0| 0.893(0.025) | 0.987(0.01,0.002) | 1.012(0.014) | 12268.143 | 27944.342 | 0.357(0.006) |0.981(0.005,+0.006-0.006) |0.949(0.011)| 1.0(+0.0-0.0) |13188.059(+0.015-0.015,+0.023-0.023)
 2 : 2320.087( 0.018)|1707.547 |612.548 |2848.0 |2059.0| 0.972(0.006) |789.0| 0.893(0.025) | 0.987(0.01,0.002) | 1.012(0.014) | 1029.608 | 2355.629 | 0.355(0.013) |0.98(0.005,+0.019-0.019) |0.95(0.011)| 1.0(+0.0-0.0) |942.653(+0.057-0.057,+0.032-0.032)
 3 : 164.796( 0.033)|131.308 |33.488 |153.0 |128.0| 0.972(0.006) |25.0| 0.893(0.025) | 0.987(0.01,0.002) | 1.012(0.014) | 72.395 | 166.185 | 0.354(0.036) |0.978(0.005,+0.003-0.003) |0.959(0.009)| 1.0(+0.0-0.0) |50.849(+0.243-0.243,+0.042-0.042)
 4 : 20158.482( 0.015)|15578.077 |4580.318 |27321.0 |20605.0| 0.979(0.009) |6716.0| 0.93(0.039) | 0.988(0.01,0.001) | 1.012(0.014) | 9126.729 | 20394.877 | 0.364(0.006) |0.983(0.005,+0.003-0.003) |0.967(0.016)| 1.0(+0.0-0.0) |9448.405(+0.017-0.017,+0.025-0.025)
 5 : 5550.043( 0.016)|4340.596 |1209.446 |7180.0 |5531.0| 0.979(0.009) |1649.0| 0.93(0.039) | 0.988(0.01,0.001) | 1.012(0.014) | 2530.289 | 5604.85 | 0.367(0.009) |0.992(0.005,+0.003-0.003) |0.967(0.016)| 1.0(+0.0-0.0) |2531.462(+0.033-0.033,+0.026-0.026)
 6 : 260.6( 0.028)|215.735 |44.865 |259.0 |215.0| 0.979(0.009) |44.0| 0.93(0.039) | 0.988(0.01,0.001) | 1.012(0.014) | 123.398 | 262.539 | 0.382(0.029) |0.99(0.005,+0.002-0.002) |0.97(0.014)| 1.0(+0.0-0.0) |95.1(+0.169-0.169,+0.037-0.037)
 7 : 5133.665( 0.016)|4372.122 |761.562 |6344.0 |5361.0| 0.987(0.006) |983.0| 0.962(0.021) | 0.987(0.01,0.002) | 1.012(0.014) | 2405.659 | 5151.166 | 0.38(0.008) |0.987(0.005,+0.006-0.006) |0.983(0.008)| 1.0(+0.0-0.0) |2339.105(+0.034-0.034,+0.022-0.022)
 8 : 170.413( 0.033)|148.292 |22.121 |172.0 |149.0| 0.987(0.006) |23.0| 0.962(0.021) | 0.987(0.01,0.002) | 1.012(0.014) | 83.273 | 170.854 | 0.396(0.035) |0.993(0.005,+0.002-0.002) |0.984(0.008)| 1.0(+0.0-0.0) |66.669(+0.197-0.197,+0.04-0.04)
 9 : 699.195( 0.02)|657.416 |41.78 |770.0 |713.0| 0.987(0.006) |57.0| 0.962(0.021) | 0.978(0.01,0.005) | 1.012(0.014) | 336.665 | 705.442 | 0.388(0.017) |1.0(0.005,+0.0-0.03) |0.985(0.007)| 1.0(+0.0-0.0) |297.175(+0.093-0.093,+0.027-0.04)
 10 : 23.778( 0.08)|22.803 |0.975 |26.0 |26.0| 0.987(0.006) |0.0| 0.962(0.021) | 0.978(0.01,0.005) | 1.012(0.014) | 15.127 | 24.0 | 0.512(0.09) |0.954(0.005,+0.005-0.005) |0.987(0.006)| 1.0(+0.0-0.0) |12.664(+0.424-0.424,+0.092-0.092)
 11 : 18639.371( 0.016)|13726.91 |4912.541 |26255.0 |18747.0| 0.972(0.006) |7508.0| 0.893(0.025) | 0.987(0.01,0.002) | 1.012(0.014) | 8315.418 | 18935.559 | 0.357(0.007) |0.936(0.005,+0.006-0.006) |0.949(0.011)| 1.0(+0.0-0.0) |8337.872(+0.019-0.019,+0.024-0.024)
 12 : 6657.5( 0.016)|4863.162 |1794.335 |7771.0 |5707.0| 0.972(0.006) |2064.0| 0.893(0.025) | 0.987(0.01,0.002) | 1.012(0.014) | 2902.327 | 6763.402 | 0.349(0.008) |0.961(0.005,+0.01-0.01) |0.951(0.011)| 1.0(+0.0-0.0) |2479.765(+0.036-0.036,+0.025-0.025)
 13 : 573.116( 0.022)|432.918 |140.198 |514.0 |399.0| 0.972(0.006) |115.0| 0.893(0.025) | 0.987(0.01,0.002) | 1.012(0.014) | 263.776 | 580.563 | 0.369(0.019) |0.972(0.005,+0.004-0.004) |0.954(0.01)| 1.0(+0.0-0.0) |176.269(+0.129-0.129,+0.029-0.029)
 14 : 11895.209( 0.016)|9144.644 |2750.6 |15241.0 |11352.0| 0.979(0.009) |3889.0| 0.93(0.039) | 0.988(0.01,0.001) | 1.012(0.014) | 5412.771 | 12036.237 | 0.366(0.008) |0.94(0.005,+0.005-0.005) |0.966(0.016)| 1.0(+0.0-0.0) |5065.795(+0.024-0.024,+0.026-0.026)
 15 : 12244.666( 0.015)|9495.687 |2748.998 |14656.0 |11145.0| 0.979(0.009) |3511.0| 0.93(0.039) | 0.988(0.01,0.001) | 1.012(0.014) | 5494.694 | 12370.188 | 0.361(0.006) |0.95(0.005,+0.008-0.008) |0.967(0.016)| 1.0(+0.0-0.0) |4865.539(+0.025-0.025,+0.026-0.026)
 16 : 960.295( 0.019)|767.177 |193.12 |851.0 |700.0| 0.979(0.009) |151.0| 0.93(0.039) | 0.988(0.01,0.001) | 1.012(0.014) | 453.002 | 968.685 | 0.38(0.015) |0.977(0.005,+0.003-0.003) |0.97(0.014)| 1.0(+0.0-0.0) |306.666(+0.095-0.095,+0.028-0.028)
 17 : 5443.655( 0.016)|4609.356 |834.294 |6038.0 |5039.0| 0.987(0.006) |999.0| 0.962(0.021) | 0.987(0.01,0.002) | 1.012(0.014) | 2565.297 | 5462.185 | 0.382(0.007) |0.95(0.005,+0.007-0.007) |0.983(0.008)| 1.0(+0.0-0.0) |2156.26(+0.036-0.036,+0.022-0.022)
 18 : 629.844( 0.021)|547.734 |82.113 |570.0 |486.0| 0.987(0.006) |84.0| 0.962(0.021) | 0.987(0.01,0.002) | 1.012(0.014) | 309.534 | 631.461 | 0.399(0.018) |0.984(0.005,+0.002-0.002) |0.983(0.008)| 1.0(+0.0-0.0) |220.039(+0.109-0.109,+0.027-0.027)
 19 : 889.797( 0.019)|837.739 |52.059 |829.0 |773.0| 0.987(0.006) |56.0| 0.962(0.021) | 0.978(0.01,0.005) | 1.012(0.014) | 441.551 | 897.769 | 0.4(0.015) |0.972(0.005,+0.008-0.008) |0.985(0.007)| 1.0(+0.0-0.0) |320.423(+0.09-0.09,+0.027-0.027)
 20 : 75.212( 0.047)|73.313 |1.899 |64.0 |63.0| 0.987(0.006) |1.0| 0.962(0.021) | 0.978(0.01,0.005) | 1.012(0.014) | 44.244 | 75.942 | 0.474(0.052) |0.925(0.005,+0.021-0.021) |0.987(0.006)| 1.0(+0.0-0.0) |27.948(+0.286-0.286,+0.059-0.059)
 21 : 1259.999( 0.027)|936.501 |323.494 |1652.0 |1126.0| 0.972(0.006) |526.0| 0.893(0.025) | 0.987(0.01,0.002) | 1.012(0.014) | 567.788 | 1278.837 | 0.361(0.026) |0.863(0.005,+0.018-0.018) |0.947(0.012)| 1.0(+0.0-0.0) |487.729(+0.083-0.083,+0.038-0.038)
 22 : 2091.745( 0.019)|1499.724 |592.024 |2498.0 |1715.0| 0.972(0.006) |783.0| 0.893(0.025) | 0.987(0.01,0.002) | 1.012(0.014) | 944.996 | 2124.504 | 0.362(0.014) |0.898(0.005,+0.025-0.025) |0.947(0.012)| 1.0(+0.0-0.0) |769.234(+0.065-0.065,+0.036-0.036)
 23 : 316.248( 0.026)|239.229 |77.019 |279.0 |220.0| 0.972(0.006) |59.0| 0.893(0.025) | 0.987(0.01,0.002) | 1.012(0.014) | 150.012 | 320.212 | 0.381(0.026) |0.983(0.005,+0.012-0.012) |0.955(0.01)| 1.0(+0.0-0.0) |99.847(+0.167-0.167,+0.035-0.035)
 24 : 626.447( 0.033)|473.23 |153.216 |794.0 |580.0| 0.979(0.009) |214.0| 0.93(0.039) | 0.987(0.01,0.001) | 1.012(0.014) | 275.722 | 634.326 | 0.353(0.034) |0.901(0.005,+0.011-0.011) |0.966(0.017)| 1.0(+0.0-0.0) |244.124(+0.115-0.115,+0.044-0.044)
 25 : 2917.331( 0.017)|2228.876 |688.458 |3388.0 |2498.0| 0.979(0.009) |890.0| 0.93(0.039) | 0.988(0.01,0.001) | 1.012(0.014) | 1356.173 | 2949.748 | 0.374(0.011) |0.916(0.005,+0.014-0.014) |0.966(0.017)| 1.0(+0.0-0.0) |1120.721(+0.052-0.052,+0.031-0.031)
 26 : 529.353( 0.022)|414.766 |114.586 |486.0 |403.0| 0.979(0.009) |83.0| 0.93(0.039) | 0.988(0.01,0.001) | 1.012(0.014) | 250.405 | 534.615 | 0.381(0.02) |0.956(0.005,+0.01-0.01) |0.97(0.014)| 1.0(+0.0-0.0) |171.749(+0.128-0.128,+0.032-0.032)
 27 : 869.739( 0.021)|722.117 |147.623 |899.0 |734.0| 0.987(0.006) |165.0| 0.962(0.021) | 0.987(0.01,0.002) | 1.012(0.014) | 408.01 | 872.572 | 0.38(0.017) |0.905(0.005,+0.012-0.012) |0.982(0.008)| 1.0(+0.0-0.0) |304.197(+0.099-0.099,+0.029-0.029)
 28 : 327.797( 0.026)|279.188 |48.608 |318.0 |266.0| 0.987(0.006) |52.0| 0.962(0.021) | 0.987(0.01,0.002) | 1.012(0.014) | 165.207 | 328.59 | 0.409(0.025) |0.971(0.005,+0.006-0.006) |0.983(0.008)| 1.0(+0.0-0.0) |124.199(+0.144-0.144,+0.033-0.033)
 29 : 190.739( 0.032)|177.209 |13.53 |154.0 |139.0| 0.987(0.006) |15.0| 0.962(0.021) | 0.979(0.01,0.006) | 1.012(0.014) | 88.085 | 192.397 | 0.372(0.033) |0.923(0.005,+0.021-0.021) |0.984(0.007)| 1.0(+0.0-0.0) |52.585(+0.236-0.236,+0.045-0.045)
 30 : 42.354( 0.061)|40.731 |1.623 |43.0 |40.0| 0.987(0.006) |3.0| 0.962(0.021) | 0.978(0.01,0.005) | 1.012(0.014) | 23.218 | 42.753 | 0.442(0.069) |0.88(0.005,+0.049-0.049) |0.985(0.007)| 1.0(+0.0-0.0) |16.616(+0.395-0.395,+0.087-0.087)
 31 : 196.829( 0.041)|136.491 |60.339 |268.0 |187.0| 0.972(0.006) |81.0| 0.893(0.025) | 0.987(0.01,0.002) | 1.012(0.014) | 89.81 | 200.128 | 0.365(0.045) |0.816(0.005,+0.071-0.071) |0.948(0.012)| 1.0(+0.0-0.0) |75.673(+0.216-0.216,+0.087-0.087)
 32 : 76.111( 0.047)|51.694 |24.417 |68.0 |53.0| 0.972(0.006) |15.0| 0.893(0.025) | 0.987(0.01,0.002) | 1.012(0.014) | 37.26 | 77.158 | 0.393(0.052) |0.935(0.005,+0.026-0.026) |0.954(0.01)| 1.0(+0.0-0.0) |23.846(+0.346-0.346,+0.062-0.062)
 33 : 228.344( 0.036)|169.553 |58.791 |278.0 |188.0| 0.979(0.009) |90.0| 0.93(0.039) | 0.987(0.01,0.001) | 1.012(0.014) | 112.254 | 231.168 | 0.395(0.038) |0.849(0.005,+0.04-0.04) |0.963(0.018)| 1.0(+0.0-0.0) |89.757(+0.186-0.186,+0.061-0.061)
 34 : 117.92( 0.038)|89.521 |28.399 |125.0 |97.0| 0.979(0.009) |28.0| 0.93(0.039) | 0.988(0.01,0.001) | 1.012(0.014) | 59.491 | 119.086 | 0.406(0.042) |0.994(0.005,+0.006-0.006) |0.968(0.016)| 1.0(+0.0-0.0) |48.864(+0.229-0.229,+0.049-0.049)
 35 : 52.552( 0.062)|46.065 |6.487 |69.0 |55.0| 0.987(0.006) |14.0| 0.962(0.021) | 0.987(0.01,0.002) | 1.012(0.014) | 28.19 | 52.841 | 0.434(0.068) |0.904(0.005,+0.021-0.021) |0.982(0.009)| 1.0(+0.0-0.0) |26.612(+0.312-0.312,+0.074-0.074)
 36 : 71.592( 0.048)|59.035 |12.557 |70.0 |55.0| 0.987(0.006) |15.0| 0.962(0.021) | 0.987(0.01,0.002) | 1.012(0.014) | 36.2 | 71.824 | 0.41(0.053) |0.97(0.005,+0.019-0.019) |0.982(0.009)| 1.0(+0.0-0.0) |27.339(+0.306-0.306,+0.06-0.06)
 37 : 19.322( 0.089)|18.074 |1.247 |12.0 |12.0| 0.987(0.006) |0.0| 0.962(0.021) | 0.979(0.01,0.005) | 1.012(0.014) | 8.547 | 19.492 | 0.356(0.106) |0.851(0.005,+0.063-0.063) |0.987(0.006)| 1.0(+0.0-0.0) |3.628(+1.06-1.06,+0.124-0.124)
 38 : 10.195( 0.124)|9.52 |0.675 |4.0 |4.0| 0.987(0.006) |0.0| 0.962(0.021) | 0.979(0.01,0.006) | 1.012(0.014) | 5.575 | 10.285 | 0.441(0.142) |0.88(0.005,+0.049-0.049) |0.987(0.006)| 1.0(+0.0-0.0) |1.545(+1.687-1.687,+0.152-0.152)
 39 : 7.495( 0.179)|5.327 |2.168 |9.0 |5.0| 0.972(0.006) |4.0| 0.893(0.025) | 0.987(0.01,0.002) | 1.012(0.014) | 3.544 | 7.611 | 0.379(0.207) |0.816(0.005,+0.071-0.071) |0.937(0.014)| 1.0(+0.0-0.0) |2.605(+1.152-1.152,+0.22-0.22)
 40 : 9.935( 0.122)|6.431 |3.504 |9.0 |4.0| 0.972(0.006) |5.0| 0.893(0.025) | 0.987(0.01,0.002) | 1.012(0.014) | 4.657 | 9.989 | 0.379(0.144) |0.935(0.005,+0.026-0.026) |0.928(0.016)| 1.0(+0.0-0.0) |2.963(+1.012-1.012,+0.148-0.148)
 41 : 8.116( 0.153)|6.417 |1.699 |9.0 |4.0| 0.979(0.009) |5.0| 0.93(0.039) | 0.988(0.01,0.001) | 1.012(0.014) | 3.98 | 8.181 | 0.396(0.179) |0.849(0.005,+0.04-0.04) |0.952(0.025)| 1.0(+0.0-0.0) |2.877(+1.043-1.043,+0.186-0.186)
 42 : 13.776( 0.104)|9.788 |3.987 |14.0 |11.0| 0.979(0.009) |3.0| 0.93(0.039) | 0.987(0.01,0.001) | 1.012(0.014) | 7.115 | 13.913 | 0.416(0.121) |0.994(0.005,+0.006-0.006) |0.968(0.015)| 1.0(+0.0-0.0) |5.605(+0.668-0.668,+0.124-0.124)
 43 : 1.364( 0.335)|1.243 |0.121 |2.0 |2.0| 0.987(0.006) |0.0| 0.962(0.021) | 0.986(0.01,0.002) | 1.012(0.014) | 0.965 | 1.366 | 0.575(0.381) |0.904(0.005,+0.021-0.021) |0.987(0.006)| 1.0(+0.0-0.0) |1.027(+2.13-2.13,+0.382-0.382)
 44 : 8.49( 0.132)|6.973 |1.517 |9.0 |9.0| 0.987(0.006) |0.0| 0.962(0.021) | 0.987(0.01,0.002) | 1.012(0.014) | 4.244 | 8.54 | 0.404(0.155) |0.97(0.005,+0.019-0.019) |0.987(0.006)| 1.0(+0.0-0.0) |3.484(+0.985-0.985,+0.157-0.157)
 45 : 1.085( 0.376)|1.085 |0.0 |0.0 |0.0| 0.987(0.006) |0.0| 0.962(0.021) | 0.978(0.01,0.005) | 1.012(0.014) | 0.546 | 1.096 | 0.405(0.441) |0.851(0.005,+0.063-0.063) |1.0(0.0)| 1.0(+0.0-0.0) |0.0(+0.957-0.957,+0.446-0.446)
 46 : 1.333( 0.34)|1.231 |0.102 |0.0 |0.0| 0.987(0.006) |0.0| 0.962(0.021) | 0.978(0.01,0.005) | 1.012(0.014) | 0.744 | 1.344 | 0.45(0.391) |0.977(0.005,+0.003-0.003) |1.0(0.0)| 1.0(+0.0-0.0) |0.0(+1.062-1.062,+0.392-0.392)

binIndex
[1, 2, 3, 4, 5, 6, 7, 8, 9, 10, 11, 12, 13, 14, 15, 16, 17, 18, 19, 20, 21, 22, 23, 24, 25, 26, 27, 28, 29, 30, 31, 32, 33, 34, 35, 36, 37, 38, 39, 40, 41, 42, 43, 44, 45, 46]
------------------------------------------------------
nMCGJ
[27497.53059685564, 2320.087242767717, 164.79586779495, 20158.481625929802, 5550.042910972964, 260.6002537831814, 5133.66500818856, 170.41341735912425, 699.1949273554835, 23.777747320921375, 18639.371218091317, 6657.500378911502, 573.1163523062755, 11895.208961093715, 12244.666445089726, 960.2950865113047, 5443.654893519017, 629.8437051795876, 889.7968463608429, 75.21194473968666, 1259.9985037736471, 2091.7449236410116, 316.24807667940786, 626.4468813759778, 2917.3312491296756, 529.3527487924226, 869.7388575445176, 327.7966475177916, 190.73928873936086, 42.354285792558635, 196.8292851728522, 76.11090185394896, 228.34394069186217, 117.92044985815046, 52.55202722050785, 71.59211711831605, 19.32178858294278, 10.195448071513104, 7.49540019840999, 9.9349388029787, 8.116063914367107, 13.775556033497116, 1.3636929827803348, 8.490067300403187, 1.0850646540528646, 1.332817006759218]
------------------------------------------------------
nMCerr
[0.015336490889323557, 0.018094220706335835, 0.03333836416374666, 0.01534683606560896, 0.016199130376448757, 0.02805284619469926, 0.01604445150216844, 0.03313734835726846, 0.020494233640118636, 0.07950117404806212, 0.015600682652556892, 0.01576111338852891, 0.021611157561170116, 0.015872600220805944, 0.01514223225732398, 0.01902192894103818, 0.015648657093659864, 0.021074933746788146, 0.019338824189024308, 0.047323184060849746, 0.02669131087318177, 0.018594900330402675, 0.02611107489444482, 0.03322544522657239, 0.017298564956798372, 0.02210256555950201, 0.02058330259729981, 0.02579320329892716, 0.03157554789439455, 0.0609757365593904, 0.041358561322574955, 0.04663710145260179, 0.036251310504072244, 0.03837578196358538, 0.0616531052997419, 0.04763086145529906, 0.08918534341214908, 0.12357909107474117, 0.17851355815931816, 0.12152866076010149, 0.1531978855570763, 0.1043668989082305, 0.33478224074501417, 0.13233925224056914, 0.37602531674959344, 0.3401286257698358]
------------------------------------------------------
nMCEBt
[20414.358059645878, 1707.5470277246886, 131.30790647135518, 15578.07661127584, 4340.595728024959, 215.73466547568998, 4372.122166917442, 148.29214903722558, 657.4159342718804, 22.80316542687392, 13726.910183000331, 4863.161994983807, 432.91820714076243, 9144.64404396368, 9495.686893604849, 767.1774249911783, 4609.355728564355, 547.7338848017903, 837.7389834001456, 73.31329270622756, 936.5011968953338, 1499.7235307884073, 239.22905972892985, 473.2304713747801, 2228.875839703652, 414.76615967936317, 722.1166311257577, 279.1884250543843, 177.20918072278658, 40.73119945315876, 136.49092290392724, 51.69426558296833, 169.55259791300324, 89.52133836194787, 46.06506005401187, 59.03519143062408, 18.074484525164735, 9.520496670626368, 5.327244035882765, 6.4306834120756715, 6.417419877788275, 9.788278851932706, 1.2426959894718337, 6.973012500522735, 1.0850646540528646, 1.2312070072920946]
------------------------------------------------------
nMCECt
[7083.053931301147, 612.5484309731561, 33.48792657577003, 4580.317542796361, 1209.4455768263263, 44.865383681412105, 761.5624853747328, 22.121285695811082, 41.77980772705103, 0.9745817733952832, 4912.541094079303, 1794.3354187799791, 140.19808339160235, 2750.59975761569, 2748.9983307537427, 193.12011703307812, 834.2937906244287, 82.11310983854408, 52.05929534325249, 1.8986376758509311, 323.49443439146404, 592.0236167133908, 77.01861542005825, 153.21583859252343, 688.4583745737385, 114.58607175655702, 147.6228750448225, 48.60756611560572, 13.530070373097438, 1.6230822372261218, 60.33856689500428, 24.41658414924345, 58.79128872668704, 28.39919643532986, 6.486972957800112, 12.556910244214292, 1.2473044197345544, 0.6749506166476341, 2.1681566451359027, 3.5042561148160436, 1.6986451224483576, 3.9872817663468467, 0.12099691790089508, 1.5170567303151619, 0.0, 0.1016100824154896]
------------------------------------------------------
Nobs
[39635.0, 2848.0, 153.0, 27321.0, 7180.0, 259.0, 6344.0, 172.0, 770.0, 26.0, 26255.0, 7771.0, 514.0, 15241.0, 14656.0, 851.0, 6038.0, 570.0, 829.0, 64.0, 1652.0, 2498.0, 279.0, 794.0, 3388.0, 486.0, 899.0, 318.0, 154.0, 43.0, 268.0, 68.0, 278.0, 125.0, 69.0, 70.0, 12.0, 4.0, 9.0, 9.0, 9.0, 14.0, 2.0, 9.0, 0.0, 0.0]
------------------------------------------------------
nEB
[28392.0, 2059.0, 128.0, 20605.0, 5531.0, 215.0, 5361.0, 149.0, 713.0, 26.0, 18747.0, 5707.0, 399.0, 11352.0, 11145.0, 700.0, 5039.0, 486.0, 773.0, 63.0, 1126.0, 1715.0, 220.0, 580.0, 2498.0, 403.0, 734.0, 266.0, 139.0, 40.0, 187.0, 53.0, 188.0, 97.0, 55.0, 55.0, 12.0, 4.0, 5.0, 4.0, 4.0, 11.0, 2.0, 9.0, 0.0, 0.0]
------------------------------------------------------
pEB
[0.971872380984, 0.971872380984, 0.971872380984, 0.978706202111, 0.978706202111, 0.978706202111, 0.986935133985, 0.986935133985, 0.986935133985, 0.986935133985, 0.971872380984, 0.971872380984, 0.971872380984, 0.978706202111, 0.978706202111, 0.978706202111, 0.986935133985, 0.986935133985, 0.986935133985, 0.986935133985, 0.971872380984, 0.971872380984, 0.971872380984, 0.978706202111, 0.978706202111, 0.978706202111, 0.986935133985, 0.986935133985, 0.986935133985, 0.986935133985, 0.971872380984, 0.971872380984, 0.978706202111, 0.978706202111, 0.986935133985, 0.986935133985, 0.986935133985, 0.986935133985, 0.971872380984, 0.971872380984, 0.978706202111, 0.978706202111, 0.986935133985, 0.986935133985, 0.986935133985, 0.986935133985]
------------------------------------------------------
pEBerr
[0.006420620630614186, 0.006420620630614186, 0.006420620630614186, 0.009246814829772177, 0.009246814829772177, 0.009246814829772177, 0.005635162143376008, 0.005635162143376008, 0.005635162143376008, 0.005635162143376008, 0.006420620630614186, 0.006420620630614186, 0.006420620630614186, 0.009246814829772177, 0.009246814829772177, 0.009246814829772177, 0.005635162143376008, 0.005635162143376008, 0.005635162143376008, 0.005635162143376008, 0.006420620630614186, 0.006420620630614186, 0.006420620630614186, 0.009246814829772177, 0.009246814829772177, 0.009246814829772177, 0.005635162143376008, 0.005635162143376008, 0.005635162143376008, 0.005635162143376008, 0.006420620630614186, 0.006420620630614186, 0.009246814829772177, 0.009246814829772177, 0.005635162143376008, 0.005635162143376008, 0.005635162143376008, 0.005635162143376008, 0.006420620630614186, 0.006420620630614186, 0.009246814829772177, 0.009246814829772177, 0.005635162143376008, 0.005635162143376008, 0.005635162143376008, 0.005635162143376008]
------------------------------------------------------
nEC
[11243.0, 789.0, 25.0, 6716.0, 1649.0, 44.0, 983.0, 23.0, 57.0, 0.0, 7508.0, 2064.0, 115.0, 3889.0, 3511.0, 151.0, 999.0, 84.0, 56.0, 1.0, 526.0, 783.0, 59.0, 214.0, 890.0, 83.0, 165.0, 52.0, 15.0, 3.0, 81.0, 15.0, 90.0, 28.0, 14.0, 15.0, 0.0, 0.0, 4.0, 5.0, 5.0, 3.0, 0.0, 0.0, 0.0, 0.0]
------------------------------------------------------
pEC
[0.89298199965, 0.89298199965, 0.89298199965, 0.929760835176, 0.929760835176, 0.929760835176, 0.961781238591, 0.961781238591, 0.961781238591, 0.961781238591, 0.89298199965, 0.89298199965, 0.89298199965, 0.929760835176, 0.929760835176, 0.929760835176, 0.961781238591, 0.961781238591, 0.961781238591, 0.961781238591, 0.89298199965, 0.89298199965, 0.89298199965, 0.929760835176, 0.929760835176, 0.929760835176, 0.961781238591, 0.961781238591, 0.961781238591, 0.961781238591, 0.89298199965, 0.89298199965, 0.929760835176, 0.929760835176, 0.961781238591, 0.961781238591, 0.961781238591, 0.961781238591, 0.89298199965, 0.89298199965, 0.929760835176, 0.929760835176, 0.961781238591, 0.961781238591, 0.961781238591, 0.961781238591]
------------------------------------------------------
pECerr
[0.024779978668856697, 0.024779978668856697, 0.024779978668856697, 0.03862941967565371, 0.03862941967565371, 0.03862941967565371, 0.020876814380487847, 0.020876814380487847, 0.020876814380487847, 0.020876814380487847, 0.024779978668856697, 0.024779978668856697, 0.024779978668856697, 0.03862941967565371, 0.03862941967565371, 0.03862941967565371, 0.020876814380487847, 0.020876814380487847, 0.020876814380487847, 0.020876814380487847, 0.024779978668856697, 0.024779978668856697, 0.024779978668856697, 0.03862941967565371, 0.03862941967565371, 0.03862941967565371, 0.020876814380487847, 0.020876814380487847, 0.020876814380487847, 0.020876814380487847, 0.024779978668856697, 0.024779978668856697, 0.03862941967565371, 0.03862941967565371, 0.020876814380487847, 0.020876814380487847, 0.020876814380487847, 0.020876814380487847, 0.024779978668856697, 0.024779978668856697, 0.03862941967565371, 0.03862941967565371, 0.020876814380487847, 0.020876814380487847, 0.020876814380487847, 0.020876814380487847]
------------------------------------------------------
trigW
[0.9871907904582173, 0.9871757732317329, 0.9873721666679083, 0.9875276350957345, 0.9875488071556755, 0.9876445705056858, 0.9867464424404828, 0.9866582633302683, 0.9784837556438741, 0.9783378899336935, 0.9871736331179162, 0.9871578565218848, 0.9872361824668503, 0.9875185966716759, 0.9875367833813463, 0.987582794056401, 0.986770474963261, 0.9866569261674089, 0.978484410968589, 0.9782327761351988, 0.9871992956971912, 0.9871170799295736, 0.9872482537820119, 0.9874907205572667, 0.9875093937294934, 0.9875536384773165, 0.9868532792852652, 0.9867414444400424, 0.9785843213876538, 0.9783158097436107, 0.9870499775376291, 0.9870099143927843, 0.9874704386799719, 0.9875019012942534, 0.9866309466188958, 0.9868826100536571, 0.9785952180945435, 0.9786455552277472, 0.9870912032703522, 0.9869309165432582, 0.9875745151527175, 0.9874264592949097, 0.9864427261297701, 0.986933478506173, 0.978072890487094, 0.9784304093203241]
------------------------------------------------------
trigWsysErr
[0.01, 0.01, 0.01, 0.01, 0.01, 0.01, 0.01, 0.01, 0.01, 0.01, 0.01, 0.01, 0.01, 0.01, 0.01, 0.01, 0.01, 0.01, 0.01, 0.01, 0.01, 0.01, 0.01, 0.01, 0.01, 0.01, 0.01, 0.01, 0.01, 0.01, 0.01, 0.01, 0.01, 0.01, 0.01, 0.01, 0.01, 0.01, 0.01, 0.01, 0.01, 0.01, 0.01, 0.01, 0.01, 0.01]
------------------------------------------------------
trigWerr
[0.0018102701242121294, 0.0018187552721677439, 0.0017072716239710719, 0.001360219912076747, 0.0013515620349240215, 0.0013053981298660757, 0.0021986449323731626, 0.002108000074088783, 0.005412111224145361, 0.005201188308825471, 0.001818495600847496, 0.0018254913994115243, 0.0017892265182408858, 0.0013623125481549588, 0.0013565231027288227, 0.0013355737579431332, 0.002222821169431596, 0.0021089654827603204, 0.005406852444153865, 0.004971891031353966, 0.0018087690093789625, 0.0018476698784243189, 0.001778804216201851, 0.0013702987388923937, 0.001366992287313257, 0.0013503817100042038, 0.0022961598055086636, 0.0021899335804192294, 0.005538986038551084, 0.005162792815941984, 0.001876725042708843, 0.0018869811062535728, 0.0013834822832447604, 0.001369283503639707, 0.0020893921256248693, 0.002316910428766717, 0.005481984795883596, 0.00555009379414108, 0.0018435641952234277, 0.0019340005488045703, 0.0013612712516798112, 0.0014081099179430651, 0.0018097468889005576, 0.002375090477576947, 0.00457811381313531, 0.005188647611146736]
------------------------------------------------------
SF
[1.0121037535160886, 1.0121037535160886, 1.0121037535160886, 1.0121037535160886, 1.0121037535160886, 1.0121037535160886, 1.0121037535160886, 1.0121037535160886, 1.0121037535160886, 1.0121037535160886, 1.0121037535160886, 1.0121037535160886, 1.0121037535160886, 1.0121037535160886, 1.0121037535160886, 1.0121037535160886, 1.0121037535160886, 1.0121037535160886, 1.0121037535160886, 1.0121037535160886, 1.0121037535160886, 1.0121037535160886, 1.0121037535160886, 1.0121037535160886, 1.0121037535160886, 1.0121037535160886, 1.0121037535160886, 1.0121037535160886, 1.0121037535160886, 1.0121037535160886, 1.0121037535160886, 1.0121037535160886, 1.0121037535160886, 1.0121037535160886, 1.0121037535160886, 1.0121037535160886, 1.0121037535160886, 1.0121037535160886, 1.0121037535160886, 1.0121037535160886, 1.0121037535160886, 1.0121037535160886, 1.0121037535160886, 1.0121037535160886, 1.0121037535160886, 1.0121037535160886]
------------------------------------------------------
SFerr
[0.014333100082516856, 0.014333100082516856, 0.014333100082516856, 0.014333100082516856, 0.014333100082516856, 0.014333100082516856, 0.014333100082516856, 0.014333100082516856, 0.014333100082516856, 0.014333100082516856, 0.014333100082516856, 0.014333100082516856, 0.014333100082516856, 0.014333100082516856, 0.014333100082516856, 0.014333100082516856, 0.014333100082516856, 0.014333100082516856, 0.014333100082516856, 0.014333100082516856, 0.014333100082516856, 0.014333100082516856, 0.014333100082516856, 0.014333100082516856, 0.014333100082516856, 0.014333100082516856, 0.014333100082516856, 0.014333100082516856, 0.014333100082516856, 0.014333100082516856, 0.014333100082516856, 0.014333100082516856, 0.014333100082516856, 0.014333100082516856, 0.014333100082516856, 0.014333100082516856, 0.014333100082516856, 0.014333100082516856, 0.014333100082516856, 0.014333100082516856, 0.014333100082516856, 0.014333100082516856, 0.014333100082516856, 0.014333100082516856, 0.014333100082516856, 0.014333100082516856]
------------------------------------------------------
ZJetsHisto_Rzg
[12268.142578125, 1029.6083984375, 72.39533996582031, 9126.728515625, 2530.289306640625, 123.39778900146484, 2405.65869140625, 83.27269744873047, 336.6653137207031, 15.12742805480957, 8315.41796875, 2902.326904296875, 263.7760009765625, 5412.77099609375, 5494.69384765625, 453.0018310546875, 2565.296630859375, 309.53350830078125, 441.5506896972656, 44.243953704833984, 567.7879638671875, 944.9960327148438, 150.01231384277344, 275.7218017578125, 1356.1729736328125, 250.40521240234375, 408.0100402832031, 165.20713806152344, 88.084716796875, 23.218067169189453, 89.80988311767578, 37.25970458984375, 112.2542724609375, 59.491058349609375, 28.18962860107422, 36.19950485229492, 8.546917915344238, 5.574858665466309, 3.5437071323394775, 4.657069683074951, 3.9802558422088623, 7.114800930023193, 0.9654143452644348, 4.243536472320557, 0.5464163422584534, 0.7436253428459167]
------------------------------------------------------
GJetsHisto_Rzg
[27944.341796875, 2355.628662109375, 166.18470764160156, 20394.876953125, 5604.85009765625, 262.5386962890625, 5151.16552734375, 170.8540802001953, 705.44189453125, 24.000202178955078, 18935.55859375, 6763.40185546875, 580.563232421875, 12036.2373046875, 12370.1884765625, 968.6845092773438, 5462.18505859375, 631.4612426757812, 897.7686767578125, 75.94193267822266, 1278.8369140625, 2124.50439453125, 320.2121276855469, 634.3259887695312, 2949.74755859375, 534.6153564453125, 872.5716552734375, 328.59027099609375, 192.39694213867188, 42.753021240234375, 200.12802124023438, 77.15800476074219, 231.1676788330078, 119.0858383178711, 52.84128189086914, 71.8244857788086, 19.492448806762695, 10.285123825073242, 7.611449718475342, 9.988706588745117, 8.180633544921875, 13.9126558303833, 1.3659038543701172, 8.540177345275879, 1.0962047576904297, 1.3442423343658447]
------------------------------------------------------
ZgR
[0.3569273352622986, 0.35535311698913574, 0.3541721701622009, 0.36382198333740234, 0.3670295774936676, 0.3821280598640442, 0.3796849548816681, 0.39625266194343567, 0.3880002498626709, 0.5124424695968628, 0.3570268452167511, 0.34887996315956116, 0.3693861663341522, 0.3656148314476013, 0.3611287474632263, 0.3802003562450409, 0.3818265199661255, 0.39852526783943176, 0.39986279606819153, 0.47366052865982056, 0.36096566915512085, 0.3616323173046112, 0.380876362323761, 0.3533893823623657, 0.3737877905368805, 0.38079988956451416, 0.3801584541797638, 0.40876054763793945, 0.37221792340278625, 0.44152382016181946, 0.3648472726345062, 0.39260271191596985, 0.3947941064834595, 0.4061500132083893, 0.4337214231491089, 0.409755676984787, 0.3564823567867279, 0.44067585468292236, 0.37851694226264954, 0.3790516257286072, 0.3955659866333008, 0.4157646894454956, 0.5746302604675293, 0.40397635102272034, 0.4052535891532898, 0.4497503340244293]
------------------------------------------------------
REr1
[0.006377590015048544, 0.012655248534707094, 0.036065180284142316, 0.006303757276190004, 0.008596014450343876, 0.028570380017557854, 0.008222260105115745, 0.035248959727644025, 0.01728727048707356, 0.08951933198129874, 0.007160846359627376, 0.0075279418936038825, 0.019256041919661793, 0.007806204562475974, 0.005584954889925562, 0.01484156255543061, 0.007216027495421438, 0.01822987020729459, 0.015288940066397886, 0.051756410994356176, 0.026111085750465245, 0.013567301990422073, 0.025844011934252748, 0.03437389115097161, 0.011068216883783927, 0.019954051455590156, 0.017098244314705906, 0.02520585277585143, 0.03345523159414155, 0.0688196721788904, 0.04458900652164639, 0.052417876488988435, 0.037915092917109844, 0.041836593150052406, 0.06806044790586073, 0.05344228248908776, 0.10550916781075637, 0.14224025993275558, 0.20650390703324, 0.14387149503592217, 0.1791357634178803, 0.12132364227769289, 0.38106099357018713, 0.1547851879548773, 0.4414392826930612, 0.39133138023016895]
------------------------------------------------------
f
[0.980970848395, 0.979579982675, 0.97784011656, 0.982804183987, 0.992417156153, 0.989805871938, 0.986560350194, 0.993140177096, 1.0, 0.953618816921, 0.936163434222, 0.961005301397, 0.972139532712, 0.940385724616, 0.950197508549, 0.976655247901, 0.950450944646, 0.983798750782, 0.971620466278, 0.925226088907, 0.863168788586, 0.89820726474, 0.982895043944, 0.900606253693, 0.915769869158, 0.955916109115, 0.905015525661, 0.970899244113, 0.922902661284, 0.879589782771, 0.815529645074, 0.934845627087, 0.848863230508, 0.994014071109, 0.904401397286, 0.96992243711, 0.851114705095, 0.879589782771, 0.815529645074, 0.934845627087, 0.848863230508, 0.994014071109, 0.904401397286, 0.96992243711, 0.851114705095, 0.976828992242]
------------------------------------------------------
fsysErr
[0.005, 0.005, 0.005, 0.005, 0.005, 0.005, 0.005, 0.005, 0.005, 0.005, 0.005, 0.005, 0.005, 0.005, 0.005, 0.005, 0.005, 0.005, 0.005, 0.005, 0.005, 0.005, 0.005, 0.005, 0.005, 0.005, 0.005, 0.005, 0.005, 0.005, 0.005, 0.005, 0.005, 0.005, 0.005, 0.005, 0.005, 0.005, 0.005, 0.005, 0.005, 0.005, 0.005, 0.005, 0.005, 0.005]
------------------------------------------------------
ferrUp
[0.006267172784215567, 0.019478406570635775, 0.0026601024047169923, 0.003453600038677589, 0.0030319557205297962, 0.0024040902535270607, 0.005719404936201253, 0.0017241380371770848, 0.0, 0.004956618004352543, 0.006423991602062374, 0.009829849138301006, 0.003725445365395842, 0.004547695193401958, 0.008088820569143439, 0.003208218918399355, 0.006782699667851954, 0.002175435789493338, 0.008057133221769864, 0.021490096443658086, 0.017582641816975168, 0.025281549495007927, 0.012140341476459678, 0.010592699216279216, 0.01417104457600469, 0.010407411056343175, 0.012446664000899605, 0.0063953392834934855, 0.02124919568117404, 0.04858354488654359, 0.07094658181880065, 0.026454198598073436, 0.039540389614960085, 0.006020459823293357, 0.020642013927026682, 0.018511460306040676, 0.06262446768682099, 0.04858354488654359, 0.07094658181880065, 0.026454198598073436, 0.039540389614960085, 0.006020459823293357, 0.020642013927026682, 0.018511460306040676, 0.06262446768682099, 0.0031862049506603284]
------------------------------------------------------
ferrDn
[0.006267172784215567, 0.019478406570635775, 0.0026601024047169923, 0.003453600038677589, 0.0030319557205297962, 0.0024040902535270607, 0.005719404936201253, 0.0017241380371770848, 0.03, 0.004956618004352543, 0.006423991602062374, 0.009829849138301006, 0.003725445365395842, 0.004547695193401958, 0.008088820569143439, 0.003208218918399355, 0.006782699667851954, 0.002175435789493338, 0.008057133221769864, 0.021490096443658086, 0.017582641816975168, 0.025281549495007927, 0.012140341476459678, 0.010592699216279216, 0.01417104457600469, 0.010407411056343175, 0.012446664000899605, 0.0063953392834934855, 0.02124919568117404, 0.04858354488654359, 0.07094658181880065, 0.026454198598073436, 0.039540389614960085, 0.006020459823293357, 0.020642013927026682, 0.018511460306040676, 0.06262446768682099, 0.04858354488654359, 0.07094658181880065, 0.026454198598073436, 0.039540389614960085, 0.006020459823293357, 0.020642013927026682, 0.018511460306040676, 0.06262446768682099, 0.0031862049506603284]
------------------------------------------------------
purity
[0.9494940649164293, 0.95001686452595, 0.9589817957987058, 0.9666745383968072, 0.9674651282842848, 0.9703911590795713, 0.9830375489956712, 0.9835715316939417, 0.9850730923779116, 0.986935133985, 0.9493125263637117, 0.9509188682992263, 0.9542218092847589, 0.9662169604595194, 0.9669808211537958, 0.9700214190238261, 0.9827733682515443, 0.9832282441374631, 0.9852359564915573, 0.9865421043694688, 0.9467535307529564, 0.947144130950164, 0.955189468802258, 0.9655143777733552, 0.9658486529456665, 0.9703472196920596, 0.9823184568548442, 0.9828219183859812, 0.9844850792388312, 0.9851802110505349, 0.9480286463270821, 0.9544700909838529, 0.9628605797219713, 0.9677424399175599, 0.9818314450644783, 0.9815450135434286, 0.986935133985, 0.986935133985, 0.9368099892799999, 0.9280443913540002, 0.9515143315915555, 0.9682179091963572, 0.986935133985, 0.9869351339850001, 1.0, 1.0]
------------------------------------------------------
pErr
[0.011318536147269846, 0.01120147923439411, 0.009214054604755691, 0.01619378380269301, 0.015732000793298714, 0.014029454082981488, 0.00794578245124686, 0.007628136856187192, 0.0067367623875568645, 0.005635162143376008, 0.011359213509605117, 0.010999819609198524, 0.010264640103351033, 0.016461400024120824, 0.01601479465416746, 0.014244024893495348, 0.008103060959608171, 0.007832305702266538, 0.006640244368654775, 0.005867335697820876, 0.011934267706153773, 0.011846291580281798, 0.010050218228228613, 0.016872801964540534, 0.01667699028521495, 0.014054944814357423, 0.008374088137144872, 0.008074150570771738, 0.007085501890550589, 0.006673277149139914, 0.011647337323590967, 0.010209582357406613, 0.018432167794147608, 0.015570202000907935, 0.00866451845007023, 0.008835466975739033, 0.005635162143376007, 0.005635162143376008, 0.014198588861280996, 0.016234911847007823, 0.025197292875447173, 0.015293002874619382, 0.005635162143376008, 0.005635162143376007, 0.0, 0.0]
------------------------------------------------------
DR
[1.0, 1.0, 1.0, 1.0, 1.0, 1.0, 1.0, 1.0, 1.0, 1.0, 1.0, 1.0, 1.0, 1.0, 1.0, 1.0, 1.0, 1.0, 1.0, 1.0, 1.0, 1.0, 1.0, 1.0, 1.0, 1.0, 1.0, 1.0, 1.0, 1.0, 1.0, 1.0, 1.0, 1.0, 1.0, 1.0, 1.0, 1.0, 1.0, 1.0, 1.0, 1.0, 1.0, 1.0, 1.0, 1.0]
------------------------------------------------------
DRup
[0.0, 0.0, 0.0, 0.0, 0.0, 0.0, 0.0, 0.0, 0.0, 0.0, 0.0, 0.0, 0.0, 0.0, 0.0, 0.0, 0.0, 0.0, 0.0, 0.0, 0.0, 0.0, 0.0, 0.0, 0.0, 0.0, 0.0, 0.0, 0.0, 0.0, 0.0, 0.0, 0.0, 0.0, 0.0, 0.0, 0.0, 0.0, 0.0, 0.0, 0.0, 0.0, 0.0, 0.0, 0.0, 0.0]
------------------------------------------------------
DRlow
[0.0, 0.0, 0.0, 0.0, 0.0, 0.0, 0.0, 0.0, 0.0, 0.0, 0.0, 0.0, 0.0, 0.0, 0.0, 0.0, 0.0, 0.0, 0.0, 0.0, 0.0, 0.0, 0.0, 0.0, 0.0, 0.0, 0.0, 0.0, 0.0, 0.0, 0.0, 0.0, 0.0, 0.0, 0.0, 0.0, 0.0, 0.0, 0.0, 0.0, 0.0, 0.0, 0.0, 0.0, 0.0, 0.0]
------------------------------------------------------
Yield
[13188.059489744428, 942.6528977136593, 50.84850174451664, 9448.405231443101, 2531.4624355421056, 95.09985053926243, 2339.1050255974233, 66.66921602860127, 297.1751777745261, 12.663914686982768, 8337.871504353017, 2479.765098732652, 176.26885731928962, 5065.795267781078, 4865.538901385806, 306.6663619991569, 2156.2598771210596, 220.0392347660864, 320.4228581692246, 27.947529241743528, 487.7291706769769, 769.2342310040756, 99.84664695486795, 244.1235317505976, 1120.7214150635589, 171.7490329246926, 304.19708944629787, 124.19859519615765, 52.58474238104571, 16.61553549965416, 75.6733452010656, 23.846128622904658, 89.7568177682788, 48.863641405349995, 26.612051653873106, 27.33881678297356, 3.6280049046480465, 1.544890025079644, 2.605174274953671, 2.963041505577125, 2.8768657558707145, 5.605462942104235, 1.0274753518124369, 3.4842647754659826, 0.0, 0.0]
------------------------------------------------------
YstatUp
[0.01509588343623964, 0.05661326283082834, 0.24325823677168332, 0.017494026668458756, 0.03347269920642283, 0.16922715281015938, 0.034051156376194165, 0.19671563323885022, 0.09337547657522376, 0.4236864348437397, 0.01943349054682487, 0.03554904279065414, 0.12861924926671803, 0.02437020023778642, 0.02488151262522873, 0.0951258693697545, 0.036036736362222384, 0.10850188966529861, 0.08985738490157859, 0.28625070684427034, 0.08333477944201581, 0.06497370239642182, 0.16728947438806016, 0.1154251923407288, 0.051936661565550574, 0.12835826385534832, 0.09856546870880918, 0.14358096781982518, 0.23599380892781463, 0.39465706804565454, 0.21633384252073973, 0.34580922470218833, 0.18576117575355522, 0.22880693222905882, 0.31213767247100366, 0.30603373700325687, 1.0599858569660994, 1.6865613232550445, 1.1515544387345644, 1.0124731612275124, 1.0428015258890722, 0.6675019397005166, 2.1298375120339674, 0.9854293462543483, 0.9571022537081976, 1.0621918468388267]
------------------------------------------------------
YstatLow
[0.01509588343623964, 0.05661326283082834, 0.24325823677168332, 0.017494026668458756, 0.03347269920642283, 0.16922715281015938, 0.034051156376194165, 0.19671563323885022, 0.09337547657522376, 0.4236864348437397, 0.01943349054682487, 0.03554904279065414, 0.12861924926671803, 0.02437020023778642, 0.02488151262522873, 0.0951258693697545, 0.036036736362222384, 0.10850188966529861, 0.08985738490157859, 0.28625070684427034, 0.08333477944201581, 0.06497370239642182, 0.16728947438806016, 0.1154251923407288, 0.051936661565550574, 0.12835826385534832, 0.09856546870880918, 0.14358096781982518, 0.23599380892781463, 0.39465706804565454, 0.21633384252073973, 0.34580922470218833, 0.18576117575355522, 0.22880693222905882, 0.31213767247100366, 0.30603373700325687, 1.0599858569660994, 1.6865613232550445, 1.1515544387345644, 1.0124731612275124, 1.0428015258890722, 0.6675019397005166, 2.1298375120339674, 0.9854293462543483, 0.9571022537081976, 1.0621918468388267]
------------------------------------------------------
YsysUp
[0.02327606507815213, 0.03160351885091656, 0.04154545354625642, 0.02542029305608591, 0.02574576755103289, 0.03675613783321313, 0.02233213850792303, 0.0404787809603604, 0.026532289653130394, 0.09180154699459314, 0.023565266908569023, 0.024658914239984533, 0.028699756436992022, 0.026170397502746155, 0.02617961611714606, 0.02767089460281329, 0.022340867405738776, 0.027079349967192554, 0.026503466579128908, 0.059414925824816646, 0.03830240516363264, 0.03601964317324622, 0.035354061052061424, 0.04371243063808354, 0.030557361800779927, 0.03219132083125551, 0.029207958904264635, 0.03281251062034842, 0.04452081871963022, 0.08659176016283396, 0.08655181855946234, 0.06233532246378956, 0.0606060498020703, 0.0485931100931476, 0.07394724136512207, 0.06010509985762708, 0.12428295704896916, 0.15161018676514457, 0.21957394541323397, 0.14831244784614683, 0.18606519967972726, 0.1237819396376105, 0.38209820930465144, 0.15706356177682676, 0.4462531357219617, 0.391800664722311]
------------------------------------------------------
YsysLow
[0.02327606507815213, 0.03160351885091656, 0.04154545354625642, 0.02542029305608591, 0.02574576755103289, 0.03675613783321313, 0.02233213850792303, 0.0404787809603604, 0.040049499300710494, 0.09180154699459314, 0.023565266908569023, 0.024658914239984533, 0.028699756436992022, 0.026170397502746155, 0.02617961611714606, 0.02767089460281329, 0.022340867405738776, 0.027079349967192554, 0.026503466579128908, 0.059414925824816646, 0.03830240516363264, 0.03601964317324622, 0.035354061052061424, 0.04371243063808354, 0.030557361800779927, 0.03219132083125551, 0.029207958904264635, 0.03281251062034842, 0.04452081871963022, 0.08659176016283396, 0.08655181855946234, 0.06233532246378956, 0.0606060498020703, 0.0485931100931476, 0.07394724136512207, 0.06010509985762708, 0.12428295704896916, 0.15161018676514457, 0.21957394541323397, 0.14831244784614683, 0.18606519967972726, 0.1237819396376105, 0.38209820930465144, 0.15706356177682676, 0.4462531357219617, 0.391800664722311]
------------------------------------------------------