 binIndex : nMCGJ( nMCerr)|nMCEBt |nMCECt |Nobs |nEB| pEB(pEBerr) |nEC| pEC(pECerr) | trigW(trigWsysErr,trigWerr) | SF(SFerr) | ZJetsHisto_Rzg | GJetsHisto_Rzg | ZgR(REr1) |f(fsysErr,+ferrUp-ferrDn) |purity(pErr)| DR(+DRup-DRlow) |Yield(+YstatUp-YstatLow,+YsysUp-YsysLow)
 1 : 27497.531( 0.015)|20414.358 |7083.054 |39635.0 |28392.0| 0.972(0.006) |11243.0| 0.895(0.025) | 0.987(0.01,0.002) | 1.012(0.014) | 12268.143 | 27573.707 | 0.362(0.006) |0.981(0.005,+0.006-0.006) |0.95(0.011)| 1.0(+0.0-0.0) |13372.804(+0.015-0.015,+0.023-0.023)
 2 : 2320.087( 0.018)|1707.547 |612.548 |2848.0 |2059.0| 0.972(0.006) |789.0| 0.895(0.025) | 0.987(0.01,0.002) | 1.012(0.014) | 1029.608 | 2326.426 | 0.36(0.013) |0.98(0.005,+0.019-0.019) |0.951(0.011)| 1.0(+0.0-0.0) |955.007(+0.056-0.056,+0.032-0.032)
 3 : 164.796( 0.033)|131.308 |33.488 |153.0 |128.0| 0.972(0.006) |25.0| 0.895(0.025) | 0.987(0.01,0.002) | 1.012(0.014) | 72.395 | 165.083 | 0.357(0.036) |0.978(0.005,+0.003-0.003) |0.959(0.009)| 1.0(+0.0-0.0) |51.204(+0.242-0.242,+0.042-0.042)
 4 : 20158.482( 0.015)|15578.077 |4580.318 |27321.0 |20605.0| 0.979(0.009) |6716.0| 0.931(0.039) | 0.988(0.01,0.001) | 1.012(0.014) | 9126.729 | 20199.404 | 0.367(0.006) |0.983(0.005,+0.003-0.003) |0.967(0.016)| 1.0(+0.0-0.0) |9541.872(+0.017-0.017,+0.025-0.025)
 5 : 5550.043( 0.016)|4340.596 |1209.446 |7180.0 |5531.0| 0.979(0.009) |1649.0| 0.931(0.039) | 0.988(0.01,0.001) | 1.012(0.014) | 2530.289 | 5562.468 | 0.37(0.009) |0.992(0.005,+0.003-0.003) |0.968(0.016)| 1.0(+0.0-0.0) |2551.258(+0.033-0.033,+0.026-0.026)
 6 : 260.6( 0.028)|215.735 |44.865 |259.0 |215.0| 0.979(0.009) |44.0| 0.931(0.039) | 0.988(0.01,0.001) | 1.012(0.014) | 123.398 | 260.948 | 0.384(0.029) |0.99(0.005,+0.002-0.002) |0.971(0.014)| 1.0(+0.0-0.0) |95.694(+0.168-0.168,+0.037-0.037)
 7 : 5133.665( 0.016)|4372.122 |761.562 |6344.0 |5361.0| 0.987(0.006) |983.0| 0.962(0.021) | 0.987(0.01,0.002) | 1.012(0.014) | 2405.659 | 5147.051 | 0.38(0.008) |0.987(0.005,+0.006-0.006) |0.983(0.008)| 1.0(+0.0-0.0) |2341.083(+0.034-0.034,+0.022-0.022)
 8 : 170.413( 0.033)|148.292 |22.121 |172.0 |149.0| 0.987(0.006) |23.0| 0.962(0.021) | 0.987(0.01,0.002) | 1.012(0.014) | 83.273 | 170.775 | 0.396(0.035) |0.993(0.005,+0.002-0.002) |0.984(0.008)| 1.0(+0.0-0.0) |66.703(+0.197-0.197,+0.04-0.04)
 9 : 699.195( 0.02)|657.416 |41.78 |770.0 |713.0| 0.987(0.006) |57.0| 0.962(0.021) | 0.978(0.01,0.005) | 1.012(0.014) | 336.665 | 705.442 | 0.388(0.017) |1.0(0.005,+0.0-0.03) |0.985(0.007)| 1.0(+0.0-0.0) |297.182(+0.093-0.093,+0.027-0.04)
 10 : 23.778( 0.08)|22.803 |0.975 |26.0 |26.0| 0.987(0.006) |0.0| 0.962(0.021) | 0.978(0.01,0.005) | 1.012(0.014) | 15.127 | 24.0 | 0.512(0.09) |0.954(0.005,+0.005-0.005) |0.987(0.006)| 1.0(+0.0-0.0) |12.664(+0.424-0.424,+0.092-0.092)
 11 : 18639.371( 0.016)|13726.91 |4912.541 |26255.0 |18747.0| 0.972(0.006) |7508.0| 0.895(0.025) | 0.987(0.01,0.002) | 1.012(0.014) | 8315.418 | 18691.389 | 0.362(0.007) |0.936(0.005,+0.006-0.006) |0.95(0.011)| 1.0(+0.0-0.0) |8451.555(+0.019-0.019,+0.024-0.024)
 12 : 6657.5( 0.016)|4863.162 |1794.335 |7771.0 |5707.0| 0.972(0.006) |2064.0| 0.895(0.025) | 0.987(0.01,0.002) | 1.012(0.014) | 2902.327 | 6675.986 | 0.353(0.008) |0.961(0.005,+0.01-0.01) |0.951(0.011)| 1.0(+0.0-0.0) |2513.549(+0.035-0.035,+0.025-0.025)
 13 : 573.116( 0.022)|432.918 |140.198 |514.0 |399.0| 0.972(0.006) |115.0| 0.895(0.025) | 0.987(0.01,0.002) | 1.012(0.014) | 263.776 | 574.474 | 0.373(0.019) |0.972(0.005,+0.004-0.004) |0.955(0.01)| 1.0(+0.0-0.0) |178.215(+0.127-0.127,+0.029-0.029)
 14 : 11895.209( 0.016)|9144.644 |2750.6 |15241.0 |11352.0| 0.979(0.009) |3889.0| 0.931(0.039) | 0.988(0.01,0.001) | 1.012(0.014) | 5412.771 | 11920.833 | 0.369(0.008) |0.94(0.005,+0.005-0.005) |0.966(0.017)| 1.0(+0.0-0.0) |5115.969(+0.024-0.024,+0.026-0.026)
 15 : 12244.666( 0.015)|9495.687 |2748.998 |14656.0 |11145.0| 0.979(0.009) |3511.0| 0.931(0.039) | 0.988(0.01,0.001) | 1.012(0.014) | 5494.694 | 12269.954 | 0.364(0.006) |0.95(0.005,+0.008-0.008) |0.967(0.016)| 1.0(+0.0-0.0) |4906.304(+0.025-0.025,+0.026-0.026)
 16 : 960.295( 0.019)|767.177 |193.12 |851.0 |700.0| 0.979(0.009) |151.0| 0.931(0.039) | 0.988(0.01,0.001) | 1.012(0.014) | 453.002 | 961.86 | 0.383(0.015) |0.977(0.005,+0.003-0.003) |0.97(0.014)| 1.0(+0.0-0.0) |308.89(+0.094-0.094,+0.028-0.028)
 17 : 5443.655( 0.016)|4609.356 |834.294 |6038.0 |5039.0| 0.987(0.006) |999.0| 0.962(0.021) | 0.987(0.01,0.002) | 1.012(0.014) | 2565.297 | 5459.804 | 0.382(0.007) |0.95(0.005,+0.007-0.007) |0.983(0.008)| 1.0(+0.0-0.0) |2157.306(+0.036-0.036,+0.022-0.022)
 18 : 629.844( 0.021)|547.734 |82.113 |570.0 |486.0| 0.987(0.006) |84.0| 0.962(0.021) | 0.987(0.01,0.002) | 1.012(0.014) | 309.534 | 631.214 | 0.399(0.018) |0.984(0.005,+0.002-0.002) |0.983(0.008)| 1.0(+0.0-0.0) |220.135(+0.108-0.108,+0.027-0.027)
 19 : 889.797( 0.019)|837.739 |52.059 |829.0 |773.0| 0.987(0.006) |56.0| 0.962(0.021) | 0.978(0.01,0.005) | 1.012(0.014) | 441.551 | 897.769 | 0.4(0.015) |0.972(0.005,+0.008-0.008) |0.985(0.007)| 1.0(+0.0-0.0) |320.429(+0.09-0.09,+0.027-0.027)
 20 : 75.212( 0.047)|73.313 |1.899 |64.0 |63.0| 0.987(0.006) |1.0| 0.962(0.021) | 0.978(0.01,0.005) | 1.012(0.014) | 44.244 | 75.942 | 0.474(0.052) |0.925(0.005,+0.021-0.021) |0.987(0.006)| 1.0(+0.0-0.0) |27.948(+0.286-0.286,+0.059-0.059)
 21 : 1259.999( 0.027)|936.501 |323.494 |1652.0 |1126.0| 0.972(0.006) |526.0| 0.895(0.025) | 0.987(0.01,0.002) | 1.012(0.014) | 567.788 | 1263.324 | 0.365(0.026) |0.863(0.005,+0.018-0.018) |0.947(0.012)| 1.0(+0.0-0.0) |494.029(+0.082-0.082,+0.038-0.038)
 22 : 2091.745( 0.019)|1499.724 |592.024 |2498.0 |1715.0| 0.972(0.006) |783.0| 0.895(0.025) | 0.987(0.01,0.002) | 1.012(0.014) | 944.996 | 2097.655 | 0.366(0.014) |0.898(0.005,+0.025-0.025) |0.948(0.012)| 1.0(+0.0-0.0) |779.563(+0.064-0.064,+0.036-0.036)
 23 : 316.248( 0.026)|239.229 |77.019 |279.0 |220.0| 0.972(0.006) |59.0| 0.895(0.025) | 0.987(0.01,0.002) | 1.012(0.014) | 150.012 | 316.963 | 0.385(0.026) |0.983(0.005,+0.012-0.012) |0.956(0.01)| 1.0(+0.0-0.0) |100.912(+0.166-0.166,+0.035-0.035)
 24 : 626.447( 0.033)|473.23 |153.216 |794.0 |580.0| 0.979(0.009) |214.0| 0.931(0.039) | 0.987(0.01,0.001) | 1.012(0.014) | 275.722 | 627.729 | 0.357(0.034) |0.901(0.005,+0.011-0.011) |0.966(0.017)| 1.0(+0.0-0.0) |246.747(+0.114-0.114,+0.044-0.044)
 25 : 2917.331( 0.017)|2228.876 |688.458 |3388.0 |2498.0| 0.979(0.009) |890.0| 0.931(0.039) | 0.988(0.01,0.001) | 1.012(0.014) | 1356.173 | 2923.47 | 0.377(0.011) |0.916(0.005,+0.014-0.014) |0.966(0.017)| 1.0(+0.0-0.0) |1131.053(+0.051-0.051,+0.031-0.031)
 26 : 529.353( 0.022)|414.766 |114.586 |486.0 |403.0| 0.979(0.009) |83.0| 0.931(0.039) | 0.988(0.01,0.001) | 1.012(0.014) | 250.405 | 530.382 | 0.384(0.02) |0.956(0.005,+0.01-0.01) |0.97(0.014)| 1.0(+0.0-0.0) |173.146(+0.127-0.127,+0.032-0.032)
 27 : 869.739( 0.021)|722.117 |147.623 |899.0 |734.0| 0.987(0.006) |165.0| 0.962(0.021) | 0.987(0.01,0.002) | 1.012(0.014) | 408.01 | 872.468 | 0.38(0.017) |0.905(0.005,+0.012-0.012) |0.982(0.008)| 1.0(+0.0-0.0) |304.25(+0.099-0.099,+0.029-0.029)
 28 : 327.797( 0.026)|279.188 |48.608 |318.0 |266.0| 0.987(0.006) |52.0| 0.962(0.021) | 0.987(0.01,0.002) | 1.012(0.014) | 165.207 | 328.403 | 0.409(0.025) |0.971(0.005,+0.006-0.006) |0.983(0.008)| 1.0(+0.0-0.0) |124.275(+0.143-0.143,+0.033-0.033)
 29 : 190.739( 0.032)|177.209 |13.53 |154.0 |139.0| 0.987(0.006) |15.0| 0.962(0.021) | 0.979(0.01,0.006) | 1.012(0.014) | 88.085 | 192.397 | 0.372(0.033) |0.923(0.005,+0.021-0.021) |0.985(0.007)| 1.0(+0.0-0.0) |52.586(+0.236-0.236,+0.045-0.045)
 30 : 42.354( 0.061)|40.731 |1.623 |43.0 |40.0| 0.987(0.006) |3.0| 0.962(0.021) | 0.978(0.01,0.005) | 1.012(0.014) | 23.218 | 42.753 | 0.442(0.069) |0.88(0.005,+0.049-0.049) |0.985(0.007)| 1.0(+0.0-0.0) |16.616(+0.395-0.395,+0.087-0.087)
 31 : 196.829( 0.041)|136.491 |60.339 |268.0 |187.0| 0.972(0.006) |81.0| 0.895(0.025) | 0.987(0.01,0.002) | 1.012(0.014) | 89.81 | 197.437 | 0.37(0.045) |0.816(0.005,+0.071-0.071) |0.949(0.012)| 1.0(+0.0-0.0) |76.75(+0.213-0.213,+0.087-0.087)
 32 : 76.111( 0.047)|51.694 |24.417 |68.0 |53.0| 0.972(0.006) |15.0| 0.895(0.025) | 0.987(0.01,0.002) | 1.012(0.014) | 37.26 | 76.327 | 0.397(0.052) |0.935(0.005,+0.026-0.026) |0.955(0.01)| 1.0(+0.0-0.0) |24.116(+0.342-0.342,+0.062-0.062)
 33 : 228.344( 0.036)|169.553 |58.791 |278.0 |188.0| 0.979(0.009) |90.0| 0.931(0.039) | 0.987(0.01,0.001) | 1.012(0.014) | 112.254 | 228.909 | 0.399(0.038) |0.849(0.005,+0.04-0.04) |0.963(0.019)| 1.0(+0.0-0.0) |90.668(+0.184-0.184,+0.061-0.061)
 34 : 117.92( 0.038)|89.521 |28.399 |125.0 |97.0| 0.979(0.009) |28.0| 0.931(0.039) | 0.988(0.01,0.001) | 1.012(0.014) | 59.491 | 118.212 | 0.409(0.042) |0.994(0.005,+0.006-0.006) |0.968(0.016)| 1.0(+0.0-0.0) |49.234(+0.227-0.227,+0.049-0.049)
 35 : 52.552( 0.062)|46.065 |6.487 |69.0 |55.0| 0.987(0.006) |14.0| 0.962(0.021) | 0.987(0.01,0.002) | 1.012(0.014) | 28.19 | 52.744 | 0.435(0.068) |0.904(0.005,+0.021-0.021) |0.982(0.009)| 1.0(+0.0-0.0) |26.663(+0.312-0.312,+0.074-0.074)
 36 : 71.592( 0.048)|59.035 |12.557 |70.0 |55.0| 0.987(0.006) |15.0| 0.962(0.021) | 0.987(0.01,0.002) | 1.012(0.014) | 36.2 | 71.774 | 0.41(0.053) |0.97(0.005,+0.019-0.019) |0.982(0.009)| 1.0(+0.0-0.0) |27.36(+0.306-0.306,+0.06-0.06)
 37 : 19.322( 0.089)|18.074 |1.247 |12.0 |12.0| 0.987(0.006) |0.0| 0.962(0.021) | 0.979(0.01,0.005) | 1.012(0.014) | 8.547 | 19.492 | 0.356(0.106) |0.851(0.005,+0.063-0.063) |0.987(0.006)| 1.0(+0.0-0.0) |3.628(+1.06-1.06,+0.124-0.124)
 38 : 10.195( 0.124)|9.52 |0.675 |4.0 |4.0| 0.987(0.006) |0.0| 0.962(0.021) | 0.979(0.01,0.006) | 1.012(0.014) | 5.575 | 10.285 | 0.441(0.142) |0.88(0.005,+0.049-0.049) |0.987(0.006)| 1.0(+0.0-0.0) |1.545(+1.687-1.687,+0.152-0.152)
 39 : 7.495( 0.179)|5.327 |2.168 |9.0 |5.0| 0.972(0.006) |4.0| 0.895(0.025) | 0.987(0.01,0.002) | 1.012(0.014) | 3.544 | 7.518 | 0.383(0.205) |0.816(0.005,+0.071-0.071) |0.938(0.014)| 1.0(+0.0-0.0) |2.64(+1.136-1.136,+0.218-0.218)
 40 : 9.935( 0.122)|6.431 |3.504 |9.0 |4.0| 0.972(0.006) |5.0| 0.895(0.025) | 0.987(0.01,0.002) | 1.012(0.014) | 4.657 | 9.954 | 0.38(0.144) |0.935(0.005,+0.026-0.026) |0.929(0.016)| 1.0(+0.0-0.0) |2.977(+1.008-1.008,+0.148-0.148)
 41 : 8.116( 0.153)|6.417 |1.699 |9.0 |4.0| 0.979(0.009) |5.0| 0.931(0.039) | 0.988(0.01,0.001) | 1.012(0.014) | 3.98 | 8.127 | 0.398(0.179) |0.849(0.005,+0.04-0.04) |0.952(0.025)| 1.0(+0.0-0.0) |2.897(+1.035-1.035,+0.186-0.186)
 42 : 13.776( 0.104)|9.788 |3.987 |14.0 |11.0| 0.979(0.009) |3.0| 0.931(0.039) | 0.987(0.01,0.001) | 1.012(0.014) | 7.115 | 13.804 | 0.419(0.121) |0.994(0.005,+0.006-0.006) |0.968(0.015)| 1.0(+0.0-0.0) |5.651(+0.662-0.662,+0.124-0.124)
 43 : 1.364( 0.335)|1.243 |0.121 |2.0 |2.0| 0.987(0.006) |0.0| 0.962(0.021) | 0.986(0.01,0.002) | 1.012(0.014) | 0.965 | 1.366 | 0.575(0.381) |0.904(0.005,+0.021-0.021) |0.987(0.006)| 1.0(+0.0-0.0) |1.027(+2.13-2.13,+0.382-0.382)
 44 : 8.49( 0.132)|6.973 |1.517 |9.0 |9.0| 0.987(0.006) |0.0| 0.962(0.021) | 0.987(0.01,0.002) | 1.012(0.014) | 4.244 | 8.504 | 0.406(0.155) |0.97(0.005,+0.019-0.019) |0.987(0.006)| 1.0(+0.0-0.0) |3.499(+0.981-0.981,+0.157-0.157)
 45 : 1.085( 0.376)|1.085 |0.0 |0.0 |0.0| 0.987(0.006) |0.0| 0.962(0.021) | 0.978(0.01,0.005) | 1.012(0.014) | 0.546 | 1.096 | 0.405(0.441) |0.851(0.005,+0.063-0.063) |1.0(0.0)| 1.0(+0.0-0.0) |0.0(+0.957-0.957,+0.446-0.446)
 46 : 1.333( 0.34)|1.231 |0.102 |0.0 |0.0| 0.987(0.006) |0.0| 0.962(0.021) | 0.978(0.01,0.005) | 1.012(0.014) | 0.744 | 1.344 | 0.45(0.391) |0.977(0.005,+0.003-0.003) |1.0(0.0)| 1.0(+0.0-0.0) |0.0(+1.062-1.062,+0.392-0.392)

binIndex
[1, 2, 3, 4, 5, 6, 7, 8, 9, 10, 11, 12, 13, 14, 15, 16, 17, 18, 19, 20, 21, 22, 23, 24, 25, 26, 27, 28, 29, 30, 31, 32, 33, 34, 35, 36, 37, 38, 39, 40, 41, 42, 43, 44, 45, 46]
------------------------------------------------------
nMCGJ
[27497.53059685564, 2320.087242767717, 164.79586779495, 20158.481625929802, 5550.042910972964, 260.6002537831814, 5133.66500818856, 170.41341735912425, 699.1949273554835, 23.777747320921375, 18639.371218091317, 6657.500378911502, 573.1163523062755, 11895.208961093715, 12244.666445089726, 960.2950865113047, 5443.654893519017, 629.8437051795876, 889.7968463608429, 75.21194473968666, 1259.9985037736471, 2091.7449236410116, 316.24807667940786, 626.4468813759778, 2917.3312491296756, 529.3527487924226, 869.7388575445176, 327.7966475177916, 190.73928873936086, 42.354285792558635, 196.8292851728522, 76.11090185394896, 228.34394069186217, 117.92044985815046, 52.55202722050785, 71.59211711831605, 19.32178858294278, 10.195448071513104, 7.49540019840999, 9.9349388029787, 8.116063914367107, 13.775556033497116, 1.3636929827803348, 8.490067300403187, 1.0850646540528646, 1.332817006759218]
------------------------------------------------------
nMCerr
[0.015336490889323557, 0.018094220706335835, 0.03333836416374666, 0.01534683606560896, 0.016199130376448757, 0.02805284619469926, 0.01604445150216844, 0.03313734835726846, 0.020494233640118636, 0.07950117404806212, 0.015600682652556892, 0.01576111338852891, 0.021611157561170116, 0.015872600220805944, 0.01514223225732398, 0.01902192894103818, 0.015648657093659864, 0.021074933746788146, 0.019338824189024308, 0.047323184060849746, 0.02669131087318177, 0.018594900330402675, 0.02611107489444482, 0.03322544522657239, 0.017298564956798372, 0.02210256555950201, 0.02058330259729981, 0.02579320329892716, 0.03157554789439455, 0.0609757365593904, 0.041358561322574955, 0.04663710145260179, 0.036251310504072244, 0.03837578196358538, 0.0616531052997419, 0.04763086145529906, 0.08918534341214908, 0.12357909107474117, 0.17851355815931816, 0.12152866076010149, 0.1531978855570763, 0.1043668989082305, 0.33478224074501417, 0.13233925224056914, 0.37602531674959344, 0.3401286257698358]
------------------------------------------------------
nMCEBt
[20414.358059645878, 1707.5470277246886, 131.30790647135518, 15578.07661127584, 4340.595728024959, 215.73466547568998, 4372.122166917442, 148.29214903722558, 657.4159342718804, 22.80316542687392, 13726.910183000331, 4863.161994983807, 432.91820714076243, 9144.64404396368, 9495.686893604849, 767.1774249911783, 4609.355728564355, 547.7338848017903, 837.7389834001456, 73.31329270622756, 936.5011968953338, 1499.7235307884073, 239.22905972892985, 473.2304713747801, 2228.875839703652, 414.76615967936317, 722.1166311257577, 279.1884250543843, 177.20918072278658, 40.73119945315876, 136.49092290392724, 51.69426558296833, 169.55259791300324, 89.52133836194787, 46.06506005401187, 59.03519143062408, 18.074484525164735, 9.520496670626368, 5.327244035882765, 6.4306834120756715, 6.417419877788275, 9.788278851932706, 1.2426959894718337, 6.973012500522735, 1.0850646540528646, 1.2312070072920946]
------------------------------------------------------
nMCECt
[7083.053931301147, 612.5484309731561, 33.48792657577003, 4580.317542796361, 1209.4455768263263, 44.865383681412105, 761.5624853747328, 22.121285695811082, 41.77980772705103, 0.9745817733952832, 4912.541094079303, 1794.3354187799791, 140.19808339160235, 2750.59975761569, 2748.9983307537427, 193.12011703307812, 834.2937906244287, 82.11310983854408, 52.05929534325249, 1.8986376758509311, 323.49443439146404, 592.0236167133908, 77.01861542005825, 153.21583859252343, 688.4583745737385, 114.58607175655702, 147.6228750448225, 48.60756611560572, 13.530070373097438, 1.6230822372261218, 60.33856689500428, 24.41658414924345, 58.79128872668704, 28.39919643532986, 6.486972957800112, 12.556910244214292, 1.2473044197345544, 0.6749506166476341, 2.1681566451359027, 3.5042561148160436, 1.6986451224483576, 3.9872817663468467, 0.12099691790089508, 1.5170567303151619, 0.0, 0.1016100824154896]
------------------------------------------------------
Nobs
[39635.0, 2848.0, 153.0, 27321.0, 7180.0, 259.0, 6344.0, 172.0, 770.0, 26.0, 26255.0, 7771.0, 514.0, 15241.0, 14656.0, 851.0, 6038.0, 570.0, 829.0, 64.0, 1652.0, 2498.0, 279.0, 794.0, 3388.0, 486.0, 899.0, 318.0, 154.0, 43.0, 268.0, 68.0, 278.0, 125.0, 69.0, 70.0, 12.0, 4.0, 9.0, 9.0, 9.0, 14.0, 2.0, 9.0, 0.0, 0.0]
------------------------------------------------------
nEB
[28392.0, 2059.0, 128.0, 20605.0, 5531.0, 215.0, 5361.0, 149.0, 713.0, 26.0, 18747.0, 5707.0, 399.0, 11352.0, 11145.0, 700.0, 5039.0, 486.0, 773.0, 63.0, 1126.0, 1715.0, 220.0, 580.0, 2498.0, 403.0, 734.0, 266.0, 139.0, 40.0, 187.0, 53.0, 188.0, 97.0, 55.0, 55.0, 12.0, 4.0, 5.0, 4.0, 4.0, 11.0, 2.0, 9.0, 0.0, 0.0]
------------------------------------------------------
pEB
[0.971872380984, 0.971872380984, 0.971872380984, 0.978706202111, 0.978706202111, 0.978706202111, 0.986935133985, 0.986935133985, 0.986935133985, 0.986935133985, 0.971872380984, 0.971872380984, 0.971872380984, 0.978706202111, 0.978706202111, 0.978706202111, 0.986935133985, 0.986935133985, 0.986935133985, 0.986935133985, 0.971872380984, 0.971872380984, 0.971872380984, 0.978706202111, 0.978706202111, 0.978706202111, 0.986935133985, 0.986935133985, 0.986935133985, 0.986935133985, 0.971872380984, 0.971872380984, 0.978706202111, 0.978706202111, 0.986935133985, 0.986935133985, 0.986935133985, 0.986935133985, 0.971872380984, 0.971872380984, 0.978706202111, 0.978706202111, 0.986935133985, 0.986935133985, 0.986935133985, 0.986935133985]
------------------------------------------------------
pEBerr
[0.006420620630614186, 0.006420620630614186, 0.006420620630614186, 0.009246814829772177, 0.009246814829772177, 0.009246814829772177, 0.005635162143376008, 0.005635162143376008, 0.005635162143376008, 0.005635162143376008, 0.006420620630614186, 0.006420620630614186, 0.006420620630614186, 0.009246814829772177, 0.009246814829772177, 0.009246814829772177, 0.005635162143376008, 0.005635162143376008, 0.005635162143376008, 0.005635162143376008, 0.006420620630614186, 0.006420620630614186, 0.006420620630614186, 0.009246814829772177, 0.009246814829772177, 0.009246814829772177, 0.005635162143376008, 0.005635162143376008, 0.005635162143376008, 0.005635162143376008, 0.006420620630614186, 0.006420620630614186, 0.009246814829772177, 0.009246814829772177, 0.005635162143376008, 0.005635162143376008, 0.005635162143376008, 0.005635162143376008, 0.006420620630614186, 0.006420620630614186, 0.009246814829772177, 0.009246814829772177, 0.005635162143376008, 0.005635162143376008, 0.005635162143376008, 0.005635162143376008]
------------------------------------------------------
nEC
[11243.0, 789.0, 25.0, 6716.0, 1649.0, 44.0, 983.0, 23.0, 57.0, 0.0, 7508.0, 2064.0, 115.0, 3889.0, 3511.0, 151.0, 999.0, 84.0, 56.0, 1.0, 526.0, 783.0, 59.0, 214.0, 890.0, 83.0, 165.0, 52.0, 15.0, 3.0, 81.0, 15.0, 90.0, 28.0, 14.0, 15.0, 0.0, 0.0, 4.0, 5.0, 5.0, 3.0, 0.0, 0.0, 0.0, 0.0]
------------------------------------------------------
pEC
[0.894854375015, 0.894854375015, 0.894854375015, 0.930598814992, 0.930598814992, 0.930598814992, 0.962073458056, 0.962073458056, 0.962073458056, 0.962073458056, 0.894854375015, 0.894854375015, 0.894854375015, 0.930598814992, 0.930598814992, 0.930598814992, 0.962073458056, 0.962073458056, 0.962073458056, 0.962073458056, 0.894854375015, 0.894854375015, 0.894854375015, 0.930598814992, 0.930598814992, 0.930598814992, 0.962073458056, 0.962073458056, 0.962073458056, 0.962073458056, 0.894854375015, 0.894854375015, 0.930598814992, 0.930598814992, 0.962073458056, 0.962073458056, 0.962073458056, 0.962073458056, 0.894854375015, 0.894854375015, 0.930598814992, 0.930598814992, 0.962073458056, 0.962073458056, 0.962073458056, 0.962073458056]
------------------------------------------------------
pECerr
[0.024735323751341073, 0.024735323751341073, 0.024735323751341073, 0.039092865785577795, 0.039092865785577795, 0.039092865785577795, 0.021207918717067818, 0.021207918717067818, 0.021207918717067818, 0.021207918717067818, 0.024735323751341073, 0.024735323751341073, 0.024735323751341073, 0.039092865785577795, 0.039092865785577795, 0.039092865785577795, 0.021207918717067818, 0.021207918717067818, 0.021207918717067818, 0.021207918717067818, 0.024735323751341073, 0.024735323751341073, 0.024735323751341073, 0.039092865785577795, 0.039092865785577795, 0.039092865785577795, 0.021207918717067818, 0.021207918717067818, 0.021207918717067818, 0.021207918717067818, 0.024735323751341073, 0.024735323751341073, 0.039092865785577795, 0.039092865785577795, 0.021207918717067818, 0.021207918717067818, 0.021207918717067818, 0.021207918717067818, 0.024735323751341073, 0.024735323751341073, 0.039092865785577795, 0.039092865785577795, 0.021207918717067818, 0.021207918717067818, 0.021207918717067818, 0.021207918717067818]
------------------------------------------------------
trigW
[0.9871907904582173, 0.9871757732317329, 0.9873721666679083, 0.9875276350957345, 0.9875488071556755, 0.9876445705056858, 0.9867464424404828, 0.9866582633302683, 0.9784837556438741, 0.9783378899336935, 0.9871736331179162, 0.9871578565218848, 0.9872361824668503, 0.9875185966716759, 0.9875367833813463, 0.987582794056401, 0.986770474963261, 0.9866569261674089, 0.978484410968589, 0.9782327761351988, 0.9871992956971912, 0.9871170799295736, 0.9872482537820119, 0.9874907205572667, 0.9875093937294934, 0.9875536384773165, 0.9868532792852652, 0.9867414444400424, 0.9785843213876538, 0.9783158097436107, 0.9870499775376291, 0.9870099143927843, 0.9874704386799719, 0.9875019012942534, 0.9866309466188958, 0.9868826100536571, 0.9785952180945435, 0.9786455552277472, 0.9870912032703522, 0.9869309165432582, 0.9875745151527175, 0.9874264592949097, 0.9864427261297701, 0.986933478506173, 0.978072890487094, 0.9784304093203241]
------------------------------------------------------
trigWsysErr
[0.01, 0.01, 0.01, 0.01, 0.01, 0.01, 0.01, 0.01, 0.01, 0.01, 0.01, 0.01, 0.01, 0.01, 0.01, 0.01, 0.01, 0.01, 0.01, 0.01, 0.01, 0.01, 0.01, 0.01, 0.01, 0.01, 0.01, 0.01, 0.01, 0.01, 0.01, 0.01, 0.01, 0.01, 0.01, 0.01, 0.01, 0.01, 0.01, 0.01, 0.01, 0.01, 0.01, 0.01, 0.01, 0.01]
------------------------------------------------------
trigWerr
[0.0018102701242121294, 0.0018187552721677439, 0.0017072716239710719, 0.001360219912076747, 0.0013515620349240215, 0.0013053981298660757, 0.0021986449323731626, 0.002108000074088783, 0.005412111224145361, 0.005201188308825471, 0.001818495600847496, 0.0018254913994115243, 0.0017892265182408858, 0.0013623125481549588, 0.0013565231027288227, 0.0013355737579431332, 0.002222821169431596, 0.0021089654827603204, 0.005406852444153865, 0.004971891031353966, 0.0018087690093789625, 0.0018476698784243189, 0.001778804216201851, 0.0013702987388923937, 0.001366992287313257, 0.0013503817100042038, 0.0022961598055086636, 0.0021899335804192294, 0.005538986038551084, 0.005162792815941984, 0.001876725042708843, 0.0018869811062535728, 0.0013834822832447604, 0.001369283503639707, 0.0020893921256248693, 0.002316910428766717, 0.005481984795883596, 0.00555009379414108, 0.0018435641952234277, 0.0019340005488045703, 0.0013612712516798112, 0.0014081099179430651, 0.0018097468889005576, 0.002375090477576947, 0.00457811381313531, 0.005188647611146736]
------------------------------------------------------
SF
[1.0121037535160886, 1.0121037535160886, 1.0121037535160886, 1.0121037535160886, 1.0121037535160886, 1.0121037535160886, 1.0121037535160886, 1.0121037535160886, 1.0121037535160886, 1.0121037535160886, 1.0121037535160886, 1.0121037535160886, 1.0121037535160886, 1.0121037535160886, 1.0121037535160886, 1.0121037535160886, 1.0121037535160886, 1.0121037535160886, 1.0121037535160886, 1.0121037535160886, 1.0121037535160886, 1.0121037535160886, 1.0121037535160886, 1.0121037535160886, 1.0121037535160886, 1.0121037535160886, 1.0121037535160886, 1.0121037535160886, 1.0121037535160886, 1.0121037535160886, 1.0121037535160886, 1.0121037535160886, 1.0121037535160886, 1.0121037535160886, 1.0121037535160886, 1.0121037535160886, 1.0121037535160886, 1.0121037535160886, 1.0121037535160886, 1.0121037535160886, 1.0121037535160886, 1.0121037535160886, 1.0121037535160886, 1.0121037535160886, 1.0121037535160886, 1.0121037535160886]
------------------------------------------------------
SFerr
[0.014333100082516856, 0.014333100082516856, 0.014333100082516856, 0.014333100082516856, 0.014333100082516856, 0.014333100082516856, 0.014333100082516856, 0.014333100082516856, 0.014333100082516856, 0.014333100082516856, 0.014333100082516856, 0.014333100082516856, 0.014333100082516856, 0.014333100082516856, 0.014333100082516856, 0.014333100082516856, 0.014333100082516856, 0.014333100082516856, 0.014333100082516856, 0.014333100082516856, 0.014333100082516856, 0.014333100082516856, 0.014333100082516856, 0.014333100082516856, 0.014333100082516856, 0.014333100082516856, 0.014333100082516856, 0.014333100082516856, 0.014333100082516856, 0.014333100082516856, 0.014333100082516856, 0.014333100082516856, 0.014333100082516856, 0.014333100082516856, 0.014333100082516856, 0.014333100082516856, 0.014333100082516856, 0.014333100082516856, 0.014333100082516856, 0.014333100082516856, 0.014333100082516856, 0.014333100082516856, 0.014333100082516856, 0.014333100082516856, 0.014333100082516856, 0.014333100082516856]
------------------------------------------------------
ZJetsHisto_Rzg
[12268.142578125, 1029.6083984375, 72.39533996582031, 9126.728515625, 2530.289306640625, 123.39778900146484, 2405.65869140625, 83.27269744873047, 336.6653137207031, 15.12742805480957, 8315.41796875, 2902.326904296875, 263.7760009765625, 5412.77099609375, 5494.69384765625, 453.0018310546875, 2565.296630859375, 309.53350830078125, 441.5506896972656, 44.243953704833984, 567.7879638671875, 944.9960327148438, 150.01231384277344, 275.7218017578125, 1356.1729736328125, 250.40521240234375, 408.0100402832031, 165.20713806152344, 88.084716796875, 23.218067169189453, 89.80988311767578, 37.25970458984375, 112.2542724609375, 59.491058349609375, 28.18962860107422, 36.19950485229492, 8.546917915344238, 5.574858665466309, 3.5437071323394775, 4.657069683074951, 3.9802558422088623, 7.114800930023193, 0.9654143452644348, 4.243536472320557, 0.5464163422584534, 0.7436253428459167]
------------------------------------------------------
GJetsHisto_Rzg
[27573.70703125, 2326.425537109375, 165.08349609375, 20199.404296875, 5562.4677734375, 260.9475402832031, 5147.05078125, 170.7754364013672, 705.44189453125, 24.000202178955078, 18691.388671875, 6675.986328125, 574.4743041992188, 11920.8330078125, 12269.9541015625, 961.8595581054688, 5459.80419921875, 631.2144775390625, 897.7686767578125, 75.94193267822266, 1263.3238525390625, 2097.6552734375, 316.96258544921875, 627.728515625, 2923.470458984375, 530.3815307617188, 872.4683227539062, 328.4030456542969, 192.39694213867188, 42.753021240234375, 197.4371795654297, 76.32694244384766, 228.90855407714844, 118.2121353149414, 52.74367141723633, 71.77421569824219, 19.492448806762695, 10.285123825073242, 7.517714023590088, 9.95390796661377, 8.12651252746582, 13.803962707519531, 1.3659038543701172, 8.503721237182617, 1.0962047576904297, 1.3442423343658447]
------------------------------------------------------
ZgR
[0.36172500252723694, 0.35981377959251404, 0.3565347194671631, 0.3673427402973175, 0.3698261082172394, 0.38445815443992615, 0.37998849153518677, 0.39643511176109314, 0.3880002498626709, 0.5124424695968628, 0.3616907596588135, 0.35344821214675903, 0.37330135703086853, 0.36915430426597595, 0.3640788495540619, 0.38289809226989746, 0.38199302554130554, 0.39868104457855225, 0.39986279606819153, 0.47366052865982056, 0.3653981685638428, 0.3662610650062561, 0.384781152009964, 0.35710352659225464, 0.37714752554893494, 0.3838396668434143, 0.3802034556865692, 0.40899360179901123, 0.37221792340278625, 0.44152382016181946, 0.3698197305202484, 0.3968774676322937, 0.3986903727054596, 0.4091518819332123, 0.4345241189002991, 0.4100427031517029, 0.3564823567867279, 0.44067585468292236, 0.3832365572452545, 0.38037678599357605, 0.3982003927230835, 0.41903844475746155, 0.5746302604675293, 0.4057082235813141, 0.4052535891532898, 0.4497503340244293]
------------------------------------------------------
REr1
[0.006383176379581034, 0.012666415025922473, 0.03607736644602829, 0.006305918029506519, 0.008603062543402299, 0.02857705869980131, 0.008221223294145645, 0.035252311395632854, 0.01728727048707356, 0.08951933198129874, 0.007168301719572681, 0.007532672177867604, 0.019270044893953106, 0.007810943918998425, 0.005587502542565508, 0.014847678522772332, 0.007215758010226706, 0.018230459610983223, 0.015288940066397886, 0.051756410994356176, 0.026152367507554567, 0.013578977051794172, 0.025867892747650403, 0.03439616170195389, 0.011074967937584734, 0.019962628977209913, 0.01710245511726429, 0.025207077782318812, 0.03345523159414155, 0.0688196721788904, 0.044648969174093806, 0.052433595388798104, 0.03793586189076972, 0.04185376266190643, 0.06808684691802307, 0.053440970600577606, 0.10550916781075637, 0.14224025993275558, 0.20495391143453182, 0.14385915754314516, 0.17934915798298923, 0.12133601759277005, 0.38106099357018713, 0.15490941614610693, 0.4414392826930612, 0.39133138023016895]
------------------------------------------------------
f
[0.980970848395, 0.979579982675, 0.97784011656, 0.982804183987, 0.992417156153, 0.989805871938, 0.986560350194, 0.993140177096, 1.0, 0.953618816921, 0.936163434222, 0.961005301397, 0.972139532712, 0.940385724616, 0.950197508549, 0.976655247901, 0.950450944646, 0.983798750782, 0.971620466278, 0.925226088907, 0.863168788586, 0.89820726474, 0.982895043944, 0.900606253693, 0.915769869158, 0.955916109115, 0.905015525661, 0.970899244113, 0.922902661284, 0.879589782771, 0.815529645074, 0.934845627087, 0.848863230508, 0.994014071109, 0.904401397286, 0.96992243711, 0.851114705095, 0.879589782771, 0.815529645074, 0.934845627087, 0.848863230508, 0.994014071109, 0.904401397286, 0.96992243711, 0.851114705095, 0.976828992242]
------------------------------------------------------
fsysErr
[0.005, 0.005, 0.005, 0.005, 0.005, 0.005, 0.005, 0.005, 0.005, 0.005, 0.005, 0.005, 0.005, 0.005, 0.005, 0.005, 0.005, 0.005, 0.005, 0.005, 0.005, 0.005, 0.005, 0.005, 0.005, 0.005, 0.005, 0.005, 0.005, 0.005, 0.005, 0.005, 0.005, 0.005, 0.005, 0.005, 0.005, 0.005, 0.005, 0.005, 0.005, 0.005, 0.005, 0.005, 0.005, 0.005]
------------------------------------------------------
ferrUp
[0.006267172784215567, 0.019478406570635775, 0.0026601024047169923, 0.003453600038677589, 0.0030319557205297962, 0.0024040902535270607, 0.005719404936201253, 0.0017241380371770848, 0.0, 0.004956618004352543, 0.006423991602062374, 0.009829849138301006, 0.003725445365395842, 0.004547695193401958, 0.008088820569143439, 0.003208218918399355, 0.006782699667851954, 0.002175435789493338, 0.008057133221769864, 0.021490096443658086, 0.017582641816975168, 0.025281549495007927, 0.012140341476459678, 0.010592699216279216, 0.01417104457600469, 0.010407411056343175, 0.012446664000899605, 0.0063953392834934855, 0.02124919568117404, 0.04858354488654359, 0.07094658181880065, 0.026454198598073436, 0.039540389614960085, 0.006020459823293357, 0.020642013927026682, 0.018511460306040676, 0.06262446768682099, 0.04858354488654359, 0.07094658181880065, 0.026454198598073436, 0.039540389614960085, 0.006020459823293357, 0.020642013927026682, 0.018511460306040676, 0.06262446768682099, 0.0031862049506603284]
------------------------------------------------------
ferrDn
[0.006267172784215567, 0.019478406570635775, 0.0026601024047169923, 0.003453600038677589, 0.0030319557205297962, 0.0024040902535270607, 0.005719404936201253, 0.0017241380371770848, 0.03, 0.004956618004352543, 0.006423991602062374, 0.009829849138301006, 0.003725445365395842, 0.004547695193401958, 0.008088820569143439, 0.003208218918399355, 0.006782699667851954, 0.002175435789493338, 0.008057133221769864, 0.021490096443658086, 0.017582641816975168, 0.025281549495007927, 0.012140341476459678, 0.010592699216279216, 0.01417104457600469, 0.010407411056343175, 0.012446664000899605, 0.0063953392834934855, 0.02124919568117404, 0.04858354488654359, 0.07094658181880065, 0.026454198598073436, 0.039540389614960085, 0.006020459823293357, 0.020642013927026682, 0.018511460306040676, 0.06262446768682099, 0.04858354488654359, 0.07094658181880065, 0.026454198598073436, 0.039540389614960085, 0.006020459823293357, 0.020642013927026682, 0.018511460306040676, 0.06262446768682099, 0.0031862049506603284]
------------------------------------------------------
purity
[0.9500251893324427, 0.9505355808753128, 0.9592877394857973, 0.96688052911619, 0.9676575835372909, 0.9705335185849923, 0.9830828282727984, 0.9836106075526337, 0.9850947242084376, 0.986935133985, 0.9498479593951502, 0.9514161765933146, 0.9546407259520253, 0.9664307852416482, 0.9671815680925223, 0.970170108744409, 0.9828217165863462, 0.983271308058621, 0.9852556962865392, 0.9865466702986093, 0.9473496986960496, 0.9477310284324678, 0.9555854191482617, 0.9657402312754005, 0.9660687834168117, 0.9704903314713353, 0.9823720900158287, 0.9828697027010126, 0.9845135421737338, 0.9852005984550698, 0.9485945508217276, 0.9548831149614263, 0.9631318681516114, 0.9679301473963441, 0.9818907359704202, 0.9816076320002143, 0.986935133985, 0.986935133985, 0.9376421561088889, 0.929084599890111, 0.951979875933778, 0.9683974762997858, 0.986935133985, 0.9869351339850001, 1.0, 1.0]
------------------------------------------------------
pErr
[0.011314130590343243, 0.0111972427889568, 0.009212212552549377, 0.016308212222745817, 0.015838916215881044, 0.01410855500025532, 0.007996586082430113, 0.007671969307132109, 0.006761010415612117, 0.005635162143376008, 0.011354748455007556, 0.01099586717442581, 0.01026164455653897, 0.016580176353556034, 0.0161263125805474, 0.014326641206048275, 0.008157314767706187, 0.007880619398232926, 0.0066623698531424955, 0.005872450330978001, 0.011928921181688002, 0.011841084793105321, 0.010047478552201387, 0.01699825355636206, 0.01679926602160109, 0.014134463506230883, 0.008434285031882944, 0.008127770254938037, 0.007117415942800961, 0.006696129105638008, 0.011642440040950296, 0.01020665351175071, 0.0185828253357933, 0.015674481886850698, 0.00873108058194517, 0.008905774106831523, 0.005635162143376007, 0.005635162143376008, 0.014189038989796152, 0.0162205846768388, 0.025455548948477454, 0.015392763677831172, 0.005635162143376008, 0.005635162143376007, 0.0, 0.0]
------------------------------------------------------
DR
[1.0, 1.0, 1.0, 1.0, 1.0, 1.0, 1.0, 1.0, 1.0, 1.0, 1.0, 1.0, 1.0, 1.0, 1.0, 1.0, 1.0, 1.0, 1.0, 1.0, 1.0, 1.0, 1.0, 1.0, 1.0, 1.0, 1.0, 1.0, 1.0, 1.0, 1.0, 1.0, 1.0, 1.0, 1.0, 1.0, 1.0, 1.0, 1.0, 1.0, 1.0, 1.0, 1.0, 1.0, 1.0, 1.0]
------------------------------------------------------
DRup
[0.0, 0.0, 0.0, 0.0, 0.0, 0.0, 0.0, 0.0, 0.0, 0.0, 0.0, 0.0, 0.0, 0.0, 0.0, 0.0, 0.0, 0.0, 0.0, 0.0, 0.0, 0.0, 0.0, 0.0, 0.0, 0.0, 0.0, 0.0, 0.0, 0.0, 0.0, 0.0, 0.0, 0.0, 0.0, 0.0, 0.0, 0.0, 0.0, 0.0, 0.0, 0.0, 0.0, 0.0, 0.0, 0.0]
------------------------------------------------------
DRlow
[0.0, 0.0, 0.0, 0.0, 0.0, 0.0, 0.0, 0.0, 0.0, 0.0, 0.0, 0.0, 0.0, 0.0, 0.0, 0.0, 0.0, 0.0, 0.0, 0.0, 0.0, 0.0, 0.0, 0.0, 0.0, 0.0, 0.0, 0.0, 0.0, 0.0, 0.0, 0.0, 0.0, 0.0, 0.0, 0.0, 0.0, 0.0, 0.0, 0.0, 0.0, 0.0, 0.0, 0.0, 0.0, 0.0]
------------------------------------------------------
Yield
[13372.80409075596, 955.0069502788979, 51.204023365069546, 9541.87165401733, 2551.257974827822, 95.69377550848343, 2341.082834469749, 66.70256296490739, 297.1817036284266, 12.663914686982768, 8451.554993892896, 2513.54908796116, 178.21536747231232, 5115.96853554047, 4906.304391933085, 308.8896737421995, 2157.306296613012, 220.13488551029997, 320.42927803391393, 27.947658588922533, 494.02916300180544, 779.5628753715048, 100.91209993490106, 246.74699079791912, 1131.0525739961479, 173.145571225521, 304.2497096619643, 124.27544874013226, 52.586262684533104, 16.61587934298353, 76.75047491393103, 24.116202379373753, 90.66817641586525, 49.23434211301299, 26.662913063501968, 27.35971243500572, 3.6280049046480465, 1.544890025079644, 2.6400004437393685, 2.976733033367404, 2.8974421497484766, 5.650648466041055, 1.0274753518124369, 3.499202042304073, 0.0, 0.0]
------------------------------------------------------
YstatUp
[0.014887334582654586, 0.05588090876293651, 0.24156923741447833, 0.01732266572917903, 0.03321298022124869, 0.16817684174248476, 0.034022389056130906, 0.19661728823679256, 0.09337342613029198, 0.4236864348437397, 0.019172086932827244, 0.03507123693260448, 0.12721443957986137, 0.024131197090408524, 0.02467477717086241, 0.09444117680663106, 0.036019256441353016, 0.10845474454120342, 0.08985558459089553, 0.286249382020536, 0.08227207199437053, 0.06411284782459781, 0.16552319394072118, 0.11419797062606518, 0.05146226637173033, 0.12732296603956794, 0.09854842173700933, 0.14349217549329468, 0.23598698619137357, 0.3946489011471453, 0.21329777518775253, 0.341936558729835, 0.1838939819861155, 0.2270841735192782, 0.3115422475831703, 0.30580000740928864, 1.0599858569660994, 1.6865613232550445, 1.1363634453601523, 1.0078162758876215, 1.0353959958304695, 0.6621642470347148, 2.1298375120339674, 0.9812227811811884, 0.9571022537081976, 1.0621918468388267]
------------------------------------------------------
YstatLow
[0.014887334582654586, 0.05588090876293651, 0.24156923741447833, 0.01732266572917903, 0.03321298022124869, 0.16817684174248476, 0.034022389056130906, 0.19661728823679256, 0.09337342613029198, 0.4236864348437397, 0.019172086932827244, 0.03507123693260448, 0.12721443957986137, 0.024131197090408524, 0.02467477717086241, 0.09444117680663106, 0.036019256441353016, 0.10845474454120342, 0.08985558459089553, 0.286249382020536, 0.08227207199437053, 0.06411284782459781, 0.16552319394072118, 0.11419797062606518, 0.05146226637173033, 0.12732296603956794, 0.09854842173700933, 0.14349217549329468, 0.23598698619137357, 0.3946489011471453, 0.21329777518775253, 0.341936558729835, 0.1838939819861155, 0.2270841735192782, 0.3115422475831703, 0.30580000740928864, 1.0599858569660994, 1.6865613232550445, 1.1363634453601523, 1.0078162758876215, 1.0353959958304695, 0.6621642470347148, 2.1298375120339674, 0.9812227811811884, 0.9571022537081976, 1.0621918468388267]
------------------------------------------------------
YsysUp
[0.02327545450283311, 0.03160649089870986, 0.041555624276039926, 0.025493875686305133, 0.025813585287990066, 0.036791589804289856, 0.02234988348435526, 0.04048998204547993, 0.026538456786543277, 0.09180154699459314, 0.023565381693247397, 0.02465859598524139, 0.02870808269284601, 0.026246681273013422, 0.02624852516261013, 0.027716788948742993, 0.02236051552609164, 0.02709376005623109, 0.02650901860679896, 0.059415431122456265, 0.038328894888555017, 0.03602233048643966, 0.03537074347594295, 0.04377850291055134, 0.03062670703727682, 0.03223143043559448, 0.02922773832536915, 0.032826686571355526, 0.0445259089983351, 0.0865935242682032, 0.08658206618607257, 0.062348061561224466, 0.0606650245772842, 0.04864139659953317, 0.0739793656890917, 0.06011430899333538, 0.12428295704896916, 0.15161018676514457, 0.21811622726990532, 0.14829891205213372, 0.1863057666036521, 0.12380643281718, 0.38209820930465144, 0.15718598932005395, 0.4462531357219617, 0.391800664722311]
------------------------------------------------------
YsysLow
[0.02327545450283311, 0.03160649089870986, 0.041555624276039926, 0.025493875686305133, 0.025813585287990066, 0.036791589804289856, 0.02234988348435526, 0.04048998204547993, 0.04005358521544888, 0.09180154699459314, 0.023565381693247397, 0.02465859598524139, 0.02870808269284601, 0.026246681273013422, 0.02624852516261013, 0.027716788948742993, 0.02236051552609164, 0.02709376005623109, 0.02650901860679896, 0.059415431122456265, 0.038328894888555017, 0.03602233048643966, 0.03537074347594295, 0.04377850291055134, 0.03062670703727682, 0.03223143043559448, 0.02922773832536915, 0.032826686571355526, 0.0445259089983351, 0.0865935242682032, 0.08658206618607257, 0.062348061561224466, 0.0606650245772842, 0.04864139659953317, 0.0739793656890917, 0.06011430899333538, 0.12428295704896916, 0.15161018676514457, 0.21811622726990532, 0.14829891205213372, 0.1863057666036521, 0.12380643281718, 0.38209820930465144, 0.15718598932005395, 0.4462531357219617, 0.391800664722311]
------------------------------------------------------