 binIndex : nMCGJ( nMCerr)|nMCEBt |nMCECt |Nobs |nEB| pEB(pEBerr) |nEC| pEC(pECerr) | trigW(trigWsysErr,trigWerr) | SF(SFerr) | ZJetsHisto_Rzg | GJetsHisto_Rzg | ZgR(REr1) |f(fsysErr,+ferrUp-ferrDn) |purity(pErr)| DR(+DRup-DRlow) |Yield(+YstatUp-YstatLow,+YsysUp-YsysLow)
 1 : 27497.531( 0.015)|20414.358 |7083.054 |39635.0 |28392.0| 0.972(0.006) |11243.0| 0.9(0.024) | 0.987(0.01,0.002) | 1.012(0.014) | 12268.143 | 27519.846 | 0.362(0.006) |0.981(0.005,+0.006-0.006) |0.951(0.011)| 1.0(+0.0-0.0) |13419.665(+0.015-0.015,+0.023-0.023)
 2 : 2320.087( 0.018)|1707.547 |612.548 |2848.0 |2059.0| 0.972(0.006) |789.0| 0.9(0.024) | 0.987(0.01,0.002) | 1.012(0.014) | 1029.608 | 2322.066 | 0.36(0.013) |0.98(0.005,+0.019-0.019) |0.952(0.011)| 1.0(+0.0-0.0) |958.242(+0.056-0.056,+0.032-0.032)
 3 : 164.796( 0.033)|131.308 |33.488 |153.0 |128.0| 0.972(0.006) |25.0| 0.9(0.024) | 0.987(0.01,0.002) | 1.012(0.014) | 72.395 | 164.905 | 0.357(0.036) |0.978(0.005,+0.003-0.003) |0.96(0.009)| 1.0(+0.0-0.0) |51.305(+0.241-0.241,+0.042-0.042)
 4 : 20158.482( 0.015)|15578.077 |4580.318 |27321.0 |20605.0| 0.979(0.009) |6716.0| 0.933(0.04) | 0.988(0.01,0.001) | 1.012(0.014) | 9126.729 | 20168.666 | 0.368(0.006) |0.983(0.005,+0.003-0.003) |0.968(0.017)| 1.0(+0.0-0.0) |9563.244(+0.017-0.017,+0.026-0.026)
 5 : 5550.043( 0.016)|4340.596 |1209.446 |7180.0 |5531.0| 0.979(0.009) |1649.0| 0.933(0.04) | 0.988(0.01,0.001) | 1.012(0.014) | 2530.289 | 5552.695 | 0.37(0.009) |0.992(0.005,+0.003-0.003) |0.968(0.016)| 1.0(+0.0-0.0) |2557.453(+0.033-0.033,+0.026-0.026)
 6 : 260.6( 0.028)|215.735 |44.865 |259.0 |215.0| 0.979(0.009) |44.0| 0.933(0.04) | 0.988(0.01,0.001) | 1.012(0.014) | 123.398 | 260.703 | 0.385(0.029) |0.99(0.005,+0.002-0.002) |0.971(0.014)| 1.0(+0.0-0.0) |95.831(+0.168-0.168,+0.037-0.037)
 7 : 5133.665( 0.016)|4372.122 |761.562 |6344.0 |5361.0| 0.987(0.006) |983.0| 0.963(0.022) | 0.987(0.01,0.002) | 1.012(0.014) | 2405.659 | 5140.44 | 0.38(0.008) |0.987(0.005,+0.006-0.006) |0.983(0.008)| 1.0(+0.0-0.0) |2344.382(+0.034-0.034,+0.022-0.022)
 8 : 170.413( 0.033)|148.292 |22.121 |172.0 |149.0| 0.987(0.006) |23.0| 0.963(0.022) | 0.987(0.01,0.002) | 1.012(0.014) | 83.273 | 170.655 | 0.397(0.035) |0.993(0.005,+0.002-0.002) |0.984(0.008)| 1.0(+0.0-0.0) |66.757(+0.196-0.196,+0.041-0.041)
 9 : 699.195( 0.02)|657.416 |41.78 |770.0 |713.0| 0.987(0.006) |57.0| 0.963(0.022) | 0.978(0.01,0.005) | 1.012(0.014) | 336.665 | 705.442 | 0.388(0.017) |1.0(0.005,+0.0-0.03) |0.985(0.007)| 1.0(+0.0-0.0) |297.199(+0.093-0.093,+0.027-0.04)
 10 : 23.778( 0.08)|22.803 |0.975 |26.0 |26.0| 0.987(0.006) |0.0| 0.963(0.022) | 0.978(0.01,0.005) | 1.012(0.014) | 15.127 | 24.0 | 0.512(0.09) |0.954(0.005,+0.005-0.005) |0.987(0.006)| 1.0(+0.0-0.0) |12.664(+0.424-0.424,+0.092-0.092)
 11 : 18639.371( 0.016)|13726.91 |4912.541 |26255.0 |18747.0| 0.972(0.006) |7508.0| 0.9(0.024) | 0.987(0.01,0.002) | 1.012(0.014) | 8315.418 | 18655.275 | 0.362(0.007) |0.936(0.005,+0.006-0.006) |0.951(0.011)| 1.0(+0.0-0.0) |8481.097(+0.019-0.019,+0.023-0.023)
 12 : 6657.5( 0.016)|4863.162 |1794.335 |7771.0 |5707.0| 0.972(0.006) |2064.0| 0.9(0.024) | 0.987(0.01,0.002) | 1.012(0.014) | 2902.327 | 6663.135 | 0.354(0.008) |0.961(0.005,+0.01-0.01) |0.953(0.011)| 1.0(+0.0-0.0) |2522.032(+0.035-0.035,+0.025-0.025)
 13 : 573.116( 0.022)|432.918 |140.198 |514.0 |399.0| 0.972(0.006) |115.0| 0.9(0.024) | 0.987(0.01,0.002) | 1.012(0.014) | 263.776 | 573.563 | 0.374(0.019) |0.972(0.005,+0.004-0.004) |0.956(0.01)| 1.0(+0.0-0.0) |178.715(+0.127-0.127,+0.029-0.029)
 14 : 11895.209( 0.016)|9144.644 |2750.6 |15241.0 |11352.0| 0.979(0.009) |3889.0| 0.933(0.04) | 0.988(0.01,0.001) | 1.012(0.014) | 5412.771 | 11901.264 | 0.37(0.008) |0.94(0.005,+0.005-0.005) |0.967(0.017)| 1.0(+0.0-0.0) |5128.184(+0.024-0.024,+0.026-0.026)
 15 : 12244.666( 0.015)|9495.687 |2748.998 |14656.0 |11145.0| 0.979(0.009) |3511.0| 0.933(0.04) | 0.988(0.01,0.001) | 1.012(0.014) | 5494.694 | 12250.994 | 0.365(0.006) |0.95(0.005,+0.008-0.008) |0.968(0.016)| 1.0(+0.0-0.0) |4917.319(+0.025-0.025,+0.026-0.026)
 16 : 960.295( 0.019)|767.177 |193.12 |851.0 |700.0| 0.979(0.009) |151.0| 0.933(0.04) | 0.988(0.01,0.001) | 1.012(0.014) | 453.002 | 960.71 | 0.383(0.015) |0.977(0.005,+0.003-0.003) |0.971(0.014)| 1.0(+0.0-0.0) |309.418(+0.094-0.094,+0.028-0.028)
 17 : 5443.655( 0.016)|4609.356 |834.294 |6038.0 |5039.0| 0.987(0.006) |999.0| 0.963(0.022) | 0.987(0.01,0.002) | 1.012(0.014) | 2565.297 | 5450.621 | 0.383(0.007) |0.95(0.005,+0.007-0.007) |0.983(0.008)| 1.0(+0.0-0.0) |2161.225(+0.036-0.036,+0.022-0.022)
 18 : 629.844( 0.021)|547.734 |82.113 |570.0 |486.0| 0.987(0.006) |84.0| 0.963(0.022) | 0.987(0.01,0.002) | 1.012(0.014) | 309.534 | 630.727 | 0.399(0.018) |0.984(0.005,+0.002-0.002) |0.983(0.008)| 1.0(+0.0-0.0) |220.331(+0.108-0.108,+0.027-0.027)
 19 : 889.797( 0.019)|837.739 |52.059 |829.0 |773.0| 0.987(0.006) |56.0| 0.963(0.022) | 0.978(0.01,0.005) | 1.012(0.014) | 441.551 | 897.769 | 0.4(0.015) |0.972(0.005,+0.008-0.008) |0.985(0.007)| 1.0(+0.0-0.0) |320.446(+0.09-0.09,+0.027-0.027)
 20 : 75.212( 0.047)|73.313 |1.899 |64.0 |63.0| 0.987(0.006) |1.0| 0.963(0.022) | 0.978(0.01,0.005) | 1.012(0.014) | 44.244 | 75.942 | 0.474(0.052) |0.925(0.005,+0.021-0.021) |0.987(0.006)| 1.0(+0.0-0.0) |27.948(+0.286-0.286,+0.059-0.059)
 21 : 1259.999( 0.027)|936.501 |323.494 |1652.0 |1126.0| 0.972(0.006) |526.0| 0.9(0.024) | 0.987(0.01,0.002) | 1.012(0.014) | 567.788 | 1261.035 | 0.366(0.026) |0.863(0.005,+0.018-0.018) |0.949(0.012)| 1.0(+0.0-0.0) |495.786(+0.082-0.082,+0.038-0.038)
 22 : 2091.745( 0.019)|1499.724 |592.024 |2498.0 |1715.0| 0.972(0.006) |783.0| 0.9(0.024) | 0.987(0.01,0.002) | 1.012(0.014) | 944.996 | 2093.655 | 0.367(0.014) |0.898(0.005,+0.025-0.025) |0.949(0.012)| 1.0(+0.0-0.0) |782.388(+0.064-0.064,+0.036-0.036)
 23 : 316.248( 0.026)|239.229 |77.019 |279.0 |220.0| 0.972(0.006) |59.0| 0.9(0.024) | 0.987(0.01,0.002) | 1.012(0.014) | 150.012 | 316.496 | 0.385(0.026) |0.983(0.005,+0.012-0.012) |0.957(0.01)| 1.0(+0.0-0.0) |101.176(+0.165-0.165,+0.035-0.035)
 24 : 626.447( 0.033)|473.23 |153.216 |794.0 |580.0| 0.979(0.009) |214.0| 0.933(0.04) | 0.987(0.01,0.001) | 1.012(0.014) | 275.722 | 626.783 | 0.358(0.034) |0.901(0.005,+0.011-0.011) |0.966(0.017)| 1.0(+0.0-0.0) |247.313(+0.114-0.114,+0.044-0.044)
 25 : 2917.331( 0.017)|2228.876 |688.458 |3388.0 |2498.0| 0.979(0.009) |890.0| 0.933(0.04) | 0.988(0.01,0.001) | 1.012(0.014) | 1356.173 | 2918.867 | 0.378(0.011) |0.916(0.005,+0.014-0.014) |0.967(0.017)| 1.0(+0.0-0.0) |1133.702(+0.051-0.051,+0.031-0.031)
 26 : 529.353( 0.022)|414.766 |114.586 |486.0 |403.0| 0.979(0.009) |83.0| 0.933(0.04) | 0.988(0.01,0.001) | 1.012(0.014) | 250.405 | 529.604 | 0.384(0.02) |0.956(0.005,+0.01-0.01) |0.971(0.014)| 1.0(+0.0-0.0) |173.486(+0.127-0.127,+0.032-0.032)
 27 : 869.739( 0.021)|722.117 |147.623 |899.0 |734.0| 0.987(0.006) |165.0| 0.963(0.022) | 0.987(0.01,0.002) | 1.012(0.014) | 408.01 | 870.792 | 0.381(0.017) |0.905(0.005,+0.012-0.012) |0.983(0.009)| 1.0(+0.0-0.0) |304.88(+0.098-0.098,+0.029-0.029)
 28 : 327.797( 0.026)|279.188 |48.608 |318.0 |266.0| 0.987(0.006) |52.0| 0.963(0.022) | 0.987(0.01,0.002) | 1.012(0.014) | 165.207 | 328.23 | 0.409(0.025) |0.971(0.005,+0.006-0.006) |0.983(0.008)| 1.0(+0.0-0.0) |124.357(+0.143-0.143,+0.033-0.033)
 29 : 190.739( 0.032)|177.209 |13.53 |154.0 |139.0| 0.987(0.006) |15.0| 0.963(0.022) | 0.979(0.01,0.006) | 1.012(0.014) | 88.085 | 192.397 | 0.372(0.033) |0.923(0.005,+0.021-0.021) |0.985(0.007)| 1.0(+0.0-0.0) |52.59(+0.236-0.236,+0.045-0.045)
 30 : 42.354( 0.061)|40.731 |1.623 |43.0 |40.0| 0.987(0.006) |3.0| 0.963(0.022) | 0.978(0.01,0.005) | 1.012(0.014) | 23.218 | 42.753 | 0.442(0.069) |0.88(0.005,+0.049-0.049) |0.985(0.007)| 1.0(+0.0-0.0) |16.617(+0.395-0.395,+0.087-0.087)
 31 : 196.829( 0.041)|136.491 |60.339 |268.0 |187.0| 0.972(0.006) |81.0| 0.9(0.024) | 0.987(0.01,0.002) | 1.012(0.014) | 89.81 | 197.022 | 0.371(0.045) |0.816(0.005,+0.071-0.071) |0.95(0.011)| 1.0(+0.0-0.0) |77.039(+0.212-0.212,+0.087-0.087)
 32 : 76.111( 0.047)|51.694 |24.417 |68.0 |53.0| 0.972(0.006) |15.0| 0.9(0.024) | 0.987(0.01,0.002) | 1.012(0.014) | 37.26 | 76.188 | 0.398(0.052) |0.935(0.005,+0.026-0.026) |0.956(0.01)| 1.0(+0.0-0.0) |24.189(+0.341-0.341,+0.062-0.062)
 33 : 228.344( 0.036)|169.553 |58.791 |278.0 |188.0| 0.979(0.009) |90.0| 0.933(0.04) | 0.987(0.01,0.001) | 1.012(0.014) | 112.254 | 228.473 | 0.399(0.038) |0.849(0.005,+0.04-0.04) |0.964(0.019)| 1.0(+0.0-0.0) |90.927(+0.183-0.183,+0.061-0.061)
 34 : 117.92( 0.038)|89.521 |28.399 |125.0 |97.0| 0.979(0.009) |28.0| 0.933(0.04) | 0.988(0.01,0.001) | 1.012(0.014) | 59.491 | 117.983 | 0.41(0.042) |0.994(0.005,+0.006-0.006) |0.969(0.016)| 1.0(+0.0-0.0) |49.362(+0.226-0.226,+0.049-0.049)
 35 : 52.552( 0.062)|46.065 |6.487 |69.0 |55.0| 0.987(0.006) |14.0| 0.963(0.022) | 0.987(0.01,0.002) | 1.012(0.014) | 28.19 | 52.628 | 0.435(0.068) |0.904(0.005,+0.021-0.021) |0.982(0.009)| 1.0(+0.0-0.0) |26.726(+0.311-0.311,+0.074-0.074)
 36 : 71.592( 0.048)|59.035 |12.557 |70.0 |55.0| 0.987(0.006) |15.0| 0.963(0.022) | 0.987(0.01,0.002) | 1.012(0.014) | 36.2 | 71.677 | 0.411(0.053) |0.97(0.005,+0.019-0.019) |0.982(0.009)| 1.0(+0.0-0.0) |27.402(+0.305-0.305,+0.06-0.06)
 37 : 19.322( 0.089)|18.074 |1.247 |12.0 |12.0| 0.987(0.006) |0.0| 0.963(0.022) | 0.979(0.01,0.005) | 1.012(0.014) | 8.547 | 19.492 | 0.356(0.106) |0.851(0.005,+0.063-0.063) |0.987(0.006)| 1.0(+0.0-0.0) |3.628(+1.06-1.06,+0.124-0.124)
 38 : 10.195( 0.124)|9.52 |0.675 |4.0 |4.0| 0.987(0.006) |0.0| 0.963(0.022) | 0.979(0.01,0.006) | 1.012(0.014) | 5.575 | 10.285 | 0.441(0.142) |0.88(0.005,+0.049-0.049) |0.987(0.006)| 1.0(+0.0-0.0) |1.545(+1.687-1.687,+0.152-0.152)
 39 : 7.495( 0.179)|5.327 |2.168 |9.0 |5.0| 0.972(0.006) |4.0| 0.9(0.024) | 0.987(0.01,0.002) | 1.012(0.014) | 3.544 | 7.502 | 0.384(0.205) |0.816(0.005,+0.071-0.071) |0.94(0.014)| 1.0(+0.0-0.0) |2.652(+1.131-1.131,+0.218-0.218)
 40 : 9.935( 0.122)|6.431 |3.504 |9.0 |4.0| 0.972(0.006) |5.0| 0.9(0.024) | 0.987(0.01,0.002) | 1.012(0.014) | 4.657 | 9.946 | 0.381(0.144) |0.935(0.005,+0.026-0.026) |0.932(0.016)| 1.0(+0.0-0.0) |2.988(+1.004-1.004,+0.148-0.148)
 41 : 8.116( 0.153)|6.417 |1.699 |9.0 |4.0| 0.979(0.009) |5.0| 0.933(0.04) | 0.988(0.01,0.001) | 1.012(0.014) | 3.98 | 8.12 | 0.399(0.179) |0.849(0.005,+0.04-0.04) |0.954(0.026)| 1.0(+0.0-0.0) |2.905(+1.033-1.033,+0.186-0.186)
 42 : 13.776( 0.104)|9.788 |3.987 |14.0 |11.0| 0.979(0.009) |3.0| 0.933(0.04) | 0.987(0.01,0.001) | 1.012(0.014) | 7.115 | 13.784 | 0.42(0.121) |0.994(0.005,+0.006-0.006) |0.969(0.016)| 1.0(+0.0-0.0) |5.662(+0.661-0.661,+0.124-0.124)
 43 : 1.364( 0.335)|1.243 |0.121 |2.0 |2.0| 0.987(0.006) |0.0| 0.963(0.022) | 0.986(0.01,0.002) | 1.012(0.014) | 0.965 | 1.366 | 0.575(0.381) |0.904(0.005,+0.021-0.021) |0.987(0.006)| 1.0(+0.0-0.0) |1.027(+2.13-2.13,+0.382-0.382)
 44 : 8.49( 0.132)|6.973 |1.517 |9.0 |9.0| 0.987(0.006) |0.0| 0.963(0.022) | 0.987(0.01,0.002) | 1.012(0.014) | 4.244 | 8.5 | 0.406(0.155) |0.97(0.005,+0.019-0.019) |0.987(0.006)| 1.0(+0.0-0.0) |3.501(+0.981-0.981,+0.157-0.157)
 45 : 1.085( 0.376)|1.085 |0.0 |0.0 |0.0| 0.987(0.006) |0.0| 0.963(0.022) | 0.978(0.01,0.005) | 1.012(0.014) | 0.546 | 1.096 | 0.405(0.441) |0.851(0.005,+0.063-0.063) |1.0(0.0)| 1.0(+0.0-0.0) |0.0(+0.957-0.957,+0.446-0.446)
 46 : 1.333( 0.34)|1.231 |0.102 |0.0 |0.0| 0.987(0.006) |0.0| 0.963(0.022) | 0.978(0.01,0.005) | 1.012(0.014) | 0.744 | 1.344 | 0.45(0.391) |0.977(0.005,+0.003-0.003) |1.0(0.0)| 1.0(+0.0-0.0) |0.0(+1.062-1.062,+0.392-0.392)

binIndex
[1, 2, 3, 4, 5, 6, 7, 8, 9, 10, 11, 12, 13, 14, 15, 16, 17, 18, 19, 20, 21, 22, 23, 24, 25, 26, 27, 28, 29, 30, 31, 32, 33, 34, 35, 36, 37, 38, 39, 40, 41, 42, 43, 44, 45, 46]
------------------------------------------------------
nMCGJ
[27497.53059685564, 2320.087242767717, 164.79586779495, 20158.481625929802, 5550.042910972964, 260.6002537831814, 5133.66500818856, 170.41341735912425, 699.1949273554835, 23.777747320921375, 18639.371218091317, 6657.500378911502, 573.1163523062755, 11895.208961093715, 12244.666445089726, 960.2950865113047, 5443.654893519017, 629.8437051795876, 889.7968463608429, 75.21194473968666, 1259.9985037736471, 2091.7449236410116, 316.24807667940786, 626.4468813759778, 2917.3312491296756, 529.3527487924226, 869.7388575445176, 327.7966475177916, 190.73928873936086, 42.354285792558635, 196.8292851728522, 76.11090185394896, 228.34394069186217, 117.92044985815046, 52.55202722050785, 71.59211711831605, 19.32178858294278, 10.195448071513104, 7.49540019840999, 9.9349388029787, 8.116063914367107, 13.775556033497116, 1.3636929827803348, 8.490067300403187, 1.0850646540528646, 1.332817006759218]
------------------------------------------------------
nMCerr
[0.015336490889323557, 0.018094220706335835, 0.03333836416374666, 0.01534683606560896, 0.016199130376448757, 0.02805284619469926, 0.01604445150216844, 0.03313734835726846, 0.020494233640118636, 0.07950117404806212, 0.015600682652556892, 0.01576111338852891, 0.021611157561170116, 0.015872600220805944, 0.01514223225732398, 0.01902192894103818, 0.015648657093659864, 0.021074933746788146, 0.019338824189024308, 0.047323184060849746, 0.02669131087318177, 0.018594900330402675, 0.02611107489444482, 0.03322544522657239, 0.017298564956798372, 0.02210256555950201, 0.02058330259729981, 0.02579320329892716, 0.03157554789439455, 0.0609757365593904, 0.041358561322574955, 0.04663710145260179, 0.036251310504072244, 0.03837578196358538, 0.0616531052997419, 0.04763086145529906, 0.08918534341214908, 0.12357909107474117, 0.17851355815931816, 0.12152866076010149, 0.1531978855570763, 0.1043668989082305, 0.33478224074501417, 0.13233925224056914, 0.37602531674959344, 0.3401286257698358]
------------------------------------------------------
nMCEBt
[20414.358059645878, 1707.5470277246886, 131.30790647135518, 15578.07661127584, 4340.595728024959, 215.73466547568998, 4372.122166917442, 148.29214903722558, 657.4159342718804, 22.80316542687392, 13726.910183000331, 4863.161994983807, 432.91820714076243, 9144.64404396368, 9495.686893604849, 767.1774249911783, 4609.355728564355, 547.7338848017903, 837.7389834001456, 73.31329270622756, 936.5011968953338, 1499.7235307884073, 239.22905972892985, 473.2304713747801, 2228.875839703652, 414.76615967936317, 722.1166311257577, 279.1884250543843, 177.20918072278658, 40.73119945315876, 136.49092290392724, 51.69426558296833, 169.55259791300324, 89.52133836194787, 46.06506005401187, 59.03519143062408, 18.074484525164735, 9.520496670626368, 5.327244035882765, 6.4306834120756715, 6.417419877788275, 9.788278851932706, 1.2426959894718337, 6.973012500522735, 1.0850646540528646, 1.2312070072920946]
------------------------------------------------------
nMCECt
[7083.053931301147, 612.5484309731561, 33.48792657577003, 4580.317542796361, 1209.4455768263263, 44.865383681412105, 761.5624853747328, 22.121285695811082, 41.77980772705103, 0.9745817733952832, 4912.541094079303, 1794.3354187799791, 140.19808339160235, 2750.59975761569, 2748.9983307537427, 193.12011703307812, 834.2937906244287, 82.11310983854408, 52.05929534325249, 1.8986376758509311, 323.49443439146404, 592.0236167133908, 77.01861542005825, 153.21583859252343, 688.4583745737385, 114.58607175655702, 147.6228750448225, 48.60756611560572, 13.530070373097438, 1.6230822372261218, 60.33856689500428, 24.41658414924345, 58.79128872668704, 28.39919643532986, 6.486972957800112, 12.556910244214292, 1.2473044197345544, 0.6749506166476341, 2.1681566451359027, 3.5042561148160436, 1.6986451224483576, 3.9872817663468467, 0.12099691790089508, 1.5170567303151619, 0.0, 0.1016100824154896]
------------------------------------------------------
Nobs
[39635.0, 2848.0, 153.0, 27321.0, 7180.0, 259.0, 6344.0, 172.0, 770.0, 26.0, 26255.0, 7771.0, 514.0, 15241.0, 14656.0, 851.0, 6038.0, 570.0, 829.0, 64.0, 1652.0, 2498.0, 279.0, 794.0, 3388.0, 486.0, 899.0, 318.0, 154.0, 43.0, 268.0, 68.0, 278.0, 125.0, 69.0, 70.0, 12.0, 4.0, 9.0, 9.0, 9.0, 14.0, 2.0, 9.0, 0.0, 0.0]
------------------------------------------------------
nEB
[28392.0, 2059.0, 128.0, 20605.0, 5531.0, 215.0, 5361.0, 149.0, 713.0, 26.0, 18747.0, 5707.0, 399.0, 11352.0, 11145.0, 700.0, 5039.0, 486.0, 773.0, 63.0, 1126.0, 1715.0, 220.0, 580.0, 2498.0, 403.0, 734.0, 266.0, 139.0, 40.0, 187.0, 53.0, 188.0, 97.0, 55.0, 55.0, 12.0, 4.0, 5.0, 4.0, 4.0, 11.0, 2.0, 9.0, 0.0, 0.0]
------------------------------------------------------
pEB
[0.971872380984, 0.971872380984, 0.971872380984, 0.978706202111, 0.978706202111, 0.978706202111, 0.986935133985, 0.986935133985, 0.986935133985, 0.986935133985, 0.971872380984, 0.971872380984, 0.971872380984, 0.978706202111, 0.978706202111, 0.978706202111, 0.986935133985, 0.986935133985, 0.986935133985, 0.986935133985, 0.971872380984, 0.971872380984, 0.971872380984, 0.978706202111, 0.978706202111, 0.978706202111, 0.986935133985, 0.986935133985, 0.986935133985, 0.986935133985, 0.971872380984, 0.971872380984, 0.978706202111, 0.978706202111, 0.986935133985, 0.986935133985, 0.986935133985, 0.986935133985, 0.971872380984, 0.971872380984, 0.978706202111, 0.978706202111, 0.986935133985, 0.986935133985, 0.986935133985, 0.986935133985]
------------------------------------------------------
pEBerr
[0.006420620630614186, 0.006420620630614186, 0.006420620630614186, 0.009246814829772177, 0.009246814829772177, 0.009246814829772177, 0.005635162143376008, 0.005635162143376008, 0.005635162143376008, 0.005635162143376008, 0.006420620630614186, 0.006420620630614186, 0.006420620630614186, 0.009246814829772177, 0.009246814829772177, 0.009246814829772177, 0.005635162143376008, 0.005635162143376008, 0.005635162143376008, 0.005635162143376008, 0.006420620630614186, 0.006420620630614186, 0.006420620630614186, 0.009246814829772177, 0.009246814829772177, 0.009246814829772177, 0.005635162143376008, 0.005635162143376008, 0.005635162143376008, 0.005635162143376008, 0.006420620630614186, 0.006420620630614186, 0.009246814829772177, 0.009246814829772177, 0.005635162143376008, 0.005635162143376008, 0.005635162143376008, 0.005635162143376008, 0.006420620630614186, 0.006420620630614186, 0.009246814829772177, 0.009246814829772177, 0.005635162143376008, 0.005635162143376008, 0.005635162143376008, 0.005635162143376008]
------------------------------------------------------
nEC
[11243.0, 789.0, 25.0, 6716.0, 1649.0, 44.0, 983.0, 23.0, 57.0, 0.0, 7508.0, 2064.0, 115.0, 3889.0, 3511.0, 151.0, 999.0, 84.0, 56.0, 1.0, 526.0, 783.0, 59.0, 214.0, 890.0, 83.0, 165.0, 52.0, 15.0, 3.0, 81.0, 15.0, 90.0, 28.0, 14.0, 15.0, 0.0, 0.0, 4.0, 5.0, 5.0, 3.0, 0.0, 0.0, 0.0, 0.0]
------------------------------------------------------
pEC
[0.900025119926, 0.900025119926, 0.900025119926, 0.933409813785, 0.933409813785, 0.933409813785, 0.962854500511, 0.962854500511, 0.962854500511, 0.962854500511, 0.900025119926, 0.900025119926, 0.900025119926, 0.933409813785, 0.933409813785, 0.933409813785, 0.962854500511, 0.962854500511, 0.962854500511, 0.962854500511, 0.900025119926, 0.900025119926, 0.900025119926, 0.933409813785, 0.933409813785, 0.933409813785, 0.962854500511, 0.962854500511, 0.962854500511, 0.962854500511, 0.900025119926, 0.900025119926, 0.933409813785, 0.933409813785, 0.962854500511, 0.962854500511, 0.962854500511, 0.962854500511, 0.900025119926, 0.900025119926, 0.933409813785, 0.933409813785, 0.962854500511, 0.962854500511, 0.962854500511, 0.962854500511]
------------------------------------------------------
pECerr
[0.023608402511084384, 0.023608402511084384, 0.023608402511084384, 0.03988180815246345, 0.03988180815246345, 0.03988180815246345, 0.02216404968183061, 0.02216404968183061, 0.02216404968183061, 0.02216404968183061, 0.023608402511084384, 0.023608402511084384, 0.023608402511084384, 0.03988180815246345, 0.03988180815246345, 0.03988180815246345, 0.02216404968183061, 0.02216404968183061, 0.02216404968183061, 0.02216404968183061, 0.023608402511084384, 0.023608402511084384, 0.023608402511084384, 0.03988180815246345, 0.03988180815246345, 0.03988180815246345, 0.02216404968183061, 0.02216404968183061, 0.02216404968183061, 0.02216404968183061, 0.023608402511084384, 0.023608402511084384, 0.03988180815246345, 0.03988180815246345, 0.02216404968183061, 0.02216404968183061, 0.02216404968183061, 0.02216404968183061, 0.023608402511084384, 0.023608402511084384, 0.03988180815246345, 0.03988180815246345, 0.02216404968183061, 0.02216404968183061, 0.02216404968183061, 0.02216404968183061]
------------------------------------------------------
trigW
[0.9871907904582173, 0.9871757732317329, 0.9873721666679083, 0.9875276350957345, 0.9875488071556755, 0.9876445705056858, 0.9867464424404828, 0.9866582633302683, 0.9784837556438741, 0.9783378899336935, 0.9871736331179162, 0.9871578565218848, 0.9872361824668503, 0.9875185966716759, 0.9875367833813463, 0.987582794056401, 0.986770474963261, 0.9866569261674089, 0.978484410968589, 0.9782327761351988, 0.9871992956971912, 0.9871170799295736, 0.9872482537820119, 0.9874907205572667, 0.9875093937294934, 0.9875536384773165, 0.9868532792852652, 0.9867414444400424, 0.9785843213876538, 0.9783158097436107, 0.9870499775376291, 0.9870099143927843, 0.9874704386799719, 0.9875019012942534, 0.9866309466188958, 0.9868826100536571, 0.9785952180945435, 0.9786455552277472, 0.9870912032703522, 0.9869309165432582, 0.9875745151527175, 0.9874264592949097, 0.9864427261297701, 0.986933478506173, 0.978072890487094, 0.9784304093203241]
------------------------------------------------------
trigWsysErr
[0.01, 0.01, 0.01, 0.01, 0.01, 0.01, 0.01, 0.01, 0.01, 0.01, 0.01, 0.01, 0.01, 0.01, 0.01, 0.01, 0.01, 0.01, 0.01, 0.01, 0.01, 0.01, 0.01, 0.01, 0.01, 0.01, 0.01, 0.01, 0.01, 0.01, 0.01, 0.01, 0.01, 0.01, 0.01, 0.01, 0.01, 0.01, 0.01, 0.01, 0.01, 0.01, 0.01, 0.01, 0.01, 0.01]
------------------------------------------------------
trigWerr
[0.0018102701242121294, 0.0018187552721677439, 0.0017072716239710719, 0.001360219912076747, 0.0013515620349240215, 0.0013053981298660757, 0.0021986449323731626, 0.002108000074088783, 0.005412111224145361, 0.005201188308825471, 0.001818495600847496, 0.0018254913994115243, 0.0017892265182408858, 0.0013623125481549588, 0.0013565231027288227, 0.0013355737579431332, 0.002222821169431596, 0.0021089654827603204, 0.005406852444153865, 0.004971891031353966, 0.0018087690093789625, 0.0018476698784243189, 0.001778804216201851, 0.0013702987388923937, 0.001366992287313257, 0.0013503817100042038, 0.0022961598055086636, 0.0021899335804192294, 0.005538986038551084, 0.005162792815941984, 0.001876725042708843, 0.0018869811062535728, 0.0013834822832447604, 0.001369283503639707, 0.0020893921256248693, 0.002316910428766717, 0.005481984795883596, 0.00555009379414108, 0.0018435641952234277, 0.0019340005488045703, 0.0013612712516798112, 0.0014081099179430651, 0.0018097468889005576, 0.002375090477576947, 0.00457811381313531, 0.005188647611146736]
------------------------------------------------------
SF
[1.0121037535160886, 1.0121037535160886, 1.0121037535160886, 1.0121037535160886, 1.0121037535160886, 1.0121037535160886, 1.0121037535160886, 1.0121037535160886, 1.0121037535160886, 1.0121037535160886, 1.0121037535160886, 1.0121037535160886, 1.0121037535160886, 1.0121037535160886, 1.0121037535160886, 1.0121037535160886, 1.0121037535160886, 1.0121037535160886, 1.0121037535160886, 1.0121037535160886, 1.0121037535160886, 1.0121037535160886, 1.0121037535160886, 1.0121037535160886, 1.0121037535160886, 1.0121037535160886, 1.0121037535160886, 1.0121037535160886, 1.0121037535160886, 1.0121037535160886, 1.0121037535160886, 1.0121037535160886, 1.0121037535160886, 1.0121037535160886, 1.0121037535160886, 1.0121037535160886, 1.0121037535160886, 1.0121037535160886, 1.0121037535160886, 1.0121037535160886, 1.0121037535160886, 1.0121037535160886, 1.0121037535160886, 1.0121037535160886, 1.0121037535160886, 1.0121037535160886]
------------------------------------------------------
SFerr
[0.014333100082516856, 0.014333100082516856, 0.014333100082516856, 0.014333100082516856, 0.014333100082516856, 0.014333100082516856, 0.014333100082516856, 0.014333100082516856, 0.014333100082516856, 0.014333100082516856, 0.014333100082516856, 0.014333100082516856, 0.014333100082516856, 0.014333100082516856, 0.014333100082516856, 0.014333100082516856, 0.014333100082516856, 0.014333100082516856, 0.014333100082516856, 0.014333100082516856, 0.014333100082516856, 0.014333100082516856, 0.014333100082516856, 0.014333100082516856, 0.014333100082516856, 0.014333100082516856, 0.014333100082516856, 0.014333100082516856, 0.014333100082516856, 0.014333100082516856, 0.014333100082516856, 0.014333100082516856, 0.014333100082516856, 0.014333100082516856, 0.014333100082516856, 0.014333100082516856, 0.014333100082516856, 0.014333100082516856, 0.014333100082516856, 0.014333100082516856, 0.014333100082516856, 0.014333100082516856, 0.014333100082516856, 0.014333100082516856, 0.014333100082516856, 0.014333100082516856]
------------------------------------------------------
ZJetsHisto_Rzg
[12268.142578125, 1029.6083984375, 72.39533996582031, 9126.728515625, 2530.289306640625, 123.39778900146484, 2405.65869140625, 83.27269744873047, 336.6653137207031, 15.12742805480957, 8315.41796875, 2902.326904296875, 263.7760009765625, 5412.77099609375, 5494.69384765625, 453.0018310546875, 2565.296630859375, 309.53350830078125, 441.5506896972656, 44.243953704833984, 567.7879638671875, 944.9960327148438, 150.01231384277344, 275.7218017578125, 1356.1729736328125, 250.40521240234375, 408.0100402832031, 165.20713806152344, 88.084716796875, 23.218067169189453, 89.80988311767578, 37.25970458984375, 112.2542724609375, 59.491058349609375, 28.18962860107422, 36.19950485229492, 8.546917915344238, 5.574858665466309, 3.5437071323394775, 4.657069683074951, 3.9802558422088623, 7.114800930023193, 0.9654143452644348, 4.243536472320557, 0.5464163422584534, 0.7436253428459167]
------------------------------------------------------
GJetsHisto_Rzg
[27519.845703125, 2322.066162109375, 164.90499877929688, 20168.666015625, 5552.6953125, 260.70281982421875, 5140.43994140625, 170.65481567382812, 705.44189453125, 24.000202178955078, 18655.275390625, 6663.134765625, 573.562744140625, 11901.263671875, 12250.994140625, 960.71044921875, 5450.62109375, 630.7274169921875, 897.7686767578125, 75.94193267822266, 1261.03466796875, 2093.655029296875, 316.4962158203125, 626.7830810546875, 2918.86669921875, 529.60400390625, 870.7922973632812, 328.2300720214844, 192.39694213867188, 42.753021240234375, 197.02163696289062, 76.18833923339844, 228.4728240966797, 117.98313903808594, 52.62800216674805, 71.67677307128906, 19.492448806762695, 10.285123825073242, 7.502315998077393, 9.946025848388672, 8.119848251342773, 13.784222602844238, 1.3659038543701172, 8.499974250793457, 1.0962047576904297, 1.3442423343658447]
------------------------------------------------------
ZgR
[0.36243298649787903, 0.3604893088340759, 0.35692065954208374, 0.36790260672569275, 0.37047699093818665, 0.38481903076171875, 0.3804771900177002, 0.39671531319618225, 0.3880002498626709, 0.5124424695968628, 0.3623909056186676, 0.3541299104690552, 0.3738946318626404, 0.36976131796836853, 0.36464232206344604, 0.3833560645580292, 0.38263657689094543, 0.3989889323711395, 0.39986279606819153, 0.47366052865982056, 0.3660614788532257, 0.3669608533382416, 0.3853481411933899, 0.35764217376708984, 0.37774237990379333, 0.38440319895744324, 0.3809352517127991, 0.40920913219451904, 0.37221792340278625, 0.44152382016181946, 0.3705997169017792, 0.397599458694458, 0.39945071935653687, 0.4099459648132324, 0.43547913432121277, 0.41060012578964233, 0.3564823567867279, 0.44067585468292236, 0.38402310013771057, 0.3806782066822052, 0.39852720499038696, 0.4196385443210602, 0.5746302604675293, 0.40588706731796265, 0.4052535891532898, 0.4497503340244293]
------------------------------------------------------
REr1
[0.00638466343209042, 0.012668942409577342, 0.036080939456944065, 0.0063069662321992, 0.008604231413285838, 0.028579642507278197, 0.00822020200732095, 0.03525482627529595, 0.01728727048707356, 0.08951933198129874, 0.00717008580958694, 0.0075342578359781425, 0.01927363826622445, 0.007812539083127368, 0.005588912924387261, 0.01484951357188687, 0.007215330689161932, 0.018232037755136838, 0.015288940066397886, 0.051756410994356176, 0.02616039781129278, 0.013582135878527886, 0.02587325902249027, 0.034402754015088514, 0.011076821820762004, 0.01996673866694358, 0.017094633786964124, 0.025206245846557132, 0.03345523159414155, 0.0688196721788904, 0.04465709035771762, 0.0524408066632143, 0.03794926812678907, 0.04186411196356038, 0.0681252881520934, 0.05345382366339813, 0.10550916781075637, 0.14224025993275558, 0.20474398287678577, 0.14385907439253742, 0.17938034754465312, 0.12133955193792638, 0.38106099357018713, 0.15492890969104436, 0.4414392826930612, 0.39133138023016895]
------------------------------------------------------
f
[0.980970848395, 0.979579982675, 0.97784011656, 0.982804183987, 0.992417156153, 0.989805871938, 0.986560350194, 0.993140177096, 1.0, 0.953618816921, 0.936163434222, 0.961005301397, 0.972139532712, 0.940385724616, 0.950197508549, 0.976655247901, 0.950450944646, 0.983798750782, 0.971620466278, 0.925226088907, 0.863168788586, 0.89820726474, 0.982895043944, 0.900606253693, 0.915769869158, 0.955916109115, 0.905015525661, 0.970899244113, 0.922902661284, 0.879589782771, 0.815529645074, 0.934845627087, 0.848863230508, 0.994014071109, 0.904401397286, 0.96992243711, 0.851114705095, 0.879589782771, 0.815529645074, 0.934845627087, 0.848863230508, 0.994014071109, 0.904401397286, 0.96992243711, 0.851114705095, 0.976828992242]
------------------------------------------------------
fsysErr
[0.005, 0.005, 0.005, 0.005, 0.005, 0.005, 0.005, 0.005, 0.005, 0.005, 0.005, 0.005, 0.005, 0.005, 0.005, 0.005, 0.005, 0.005, 0.005, 0.005, 0.005, 0.005, 0.005, 0.005, 0.005, 0.005, 0.005, 0.005, 0.005, 0.005, 0.005, 0.005, 0.005, 0.005, 0.005, 0.005, 0.005, 0.005, 0.005, 0.005, 0.005, 0.005, 0.005, 0.005, 0.005, 0.005]
------------------------------------------------------
ferrUp
[0.006267172784215567, 0.019478406570635775, 0.0026601024047169923, 0.003453600038677589, 0.0030319557205297962, 0.0024040902535270607, 0.005719404936201253, 0.0017241380371770848, 0.0, 0.004956618004352543, 0.006423991602062374, 0.009829849138301006, 0.003725445365395842, 0.004547695193401958, 0.008088820569143439, 0.003208218918399355, 0.006782699667851954, 0.002175435789493338, 0.008057133221769864, 0.021490096443658086, 0.017582641816975168, 0.025281549495007927, 0.012140341476459678, 0.010592699216279216, 0.01417104457600469, 0.010407411056343175, 0.012446664000899605, 0.0063953392834934855, 0.02124919568117404, 0.04858354488654359, 0.07094658181880065, 0.026454198598073436, 0.039540389614960085, 0.006020459823293357, 0.020642013927026682, 0.018511460306040676, 0.06262446768682099, 0.04858354488654359, 0.07094658181880065, 0.026454198598073436, 0.039540389614960085, 0.006020459823293357, 0.020642013927026682, 0.018511460306040676, 0.06262446768682099, 0.0031862049506603284]
------------------------------------------------------
ferrDn
[0.006267172784215567, 0.019478406570635775, 0.0026601024047169923, 0.003453600038677589, 0.0030319557205297962, 0.0024040902535270607, 0.005719404936201253, 0.0017241380371770848, 0.03, 0.004956618004352543, 0.006423991602062374, 0.009829849138301006, 0.003725445365395842, 0.004547695193401958, 0.008088820569143439, 0.003208218918399355, 0.006782699667851954, 0.002175435789493338, 0.008057133221769864, 0.021490096443658086, 0.017582641816975168, 0.025281549495007927, 0.012140341476459678, 0.010592699216279216, 0.01417104457600469, 0.010407411056343175, 0.012446664000899605, 0.0063953392834934855, 0.02124919568117404, 0.04858354488654359, 0.07094658181880065, 0.026454198598073436, 0.039540389614960085, 0.006020459823293357, 0.020642013927026682, 0.018511460306040676, 0.06262446768682099, 0.04858354488654359, 0.07094658181880065, 0.026454198598073436, 0.039540389614960085, 0.006020459823293357, 0.020642013927026682, 0.018511460306040676, 0.06262446768682099, 0.0031862049506603284]
------------------------------------------------------
purity
[0.9514919405632836, 0.9519680660349964, 0.9601326324451112, 0.9675715238782334, 0.9683031736500565, 0.9710110627814865, 0.9832038504564782, 0.9837150492762675, 0.9851525416369246, 0.986935133985, 0.9513266092824778, 0.9527895413464099, 0.9557976046772491, 0.9671480593251057, 0.9678549726205125, 0.9706688876136722, 0.9829509417291992, 0.9833864090519894, 0.9853084566936321, 0.9865588740869687, 0.9489960738916828, 0.9493518023577333, 0.9566788741652831, 0.9664978556352267, 0.9668072099002148, 0.9709703991664361, 0.9825154404107953, 0.9829974203351635, 0.9845896177375325, 0.9852550897891396, 0.9501573505896045, 0.9560237204564999, 0.9640419037320792, 0.968559811125976, 0.9820492083525942, 0.9817749982405715, 0.986935133985, 0.986935133985, 0.9399402649582222, 0.9319572359517778, 0.9535415419298887, 0.9689998331840001, 0.986935133985, 0.9869351339850001, 1.0, 1.0]
------------------------------------------------------
pErr
[0.011032444350379544, 0.010922450752001295, 0.009053262669162317, 0.016511573141568283, 0.01602908379801294, 0.014249681021302068, 0.008143298030894038, 0.007798549877897314, 0.0068310348051710415, 0.005635162143376008, 0.01107066462118926, 0.010732933547143608, 0.010041743390569517, 0.016791162049437217, 0.016324565183526773, 0.01447398249107166, 0.008313990120107577, 0.008020140916369975, 0.006726264705672101, 0.005887220620524197, 0.011610840429444913, 0.011528217514498427, 0.009840069303097146, 0.017220930458026733, 0.01701638292284266, 0.014276328414802029, 0.008608122772055865, 0.008282614388285672, 0.00720957843746808, 0.006762121883662994, 0.011341346335682609, 0.009989962471727069, 0.01884948372797293, 0.015860015884423206, 0.008923299752266071, 0.0091088080071058, 0.005635162143376007, 0.005635162143376008, 0.013735239335627644, 0.01564221414696957, 0.02590693115241181, 0.015570346084824556, 0.005635162143376008, 0.005635162143376007, 0.0, 0.0]
------------------------------------------------------
DR
[1.0, 1.0, 1.0, 1.0, 1.0, 1.0, 1.0, 1.0, 1.0, 1.0, 1.0, 1.0, 1.0, 1.0, 1.0, 1.0, 1.0, 1.0, 1.0, 1.0, 1.0, 1.0, 1.0, 1.0, 1.0, 1.0, 1.0, 1.0, 1.0, 1.0, 1.0, 1.0, 1.0, 1.0, 1.0, 1.0, 1.0, 1.0, 1.0, 1.0, 1.0, 1.0, 1.0, 1.0, 1.0, 1.0]
------------------------------------------------------
DRup
[0.0, 0.0, 0.0, 0.0, 0.0, 0.0, 0.0, 0.0, 0.0, 0.0, 0.0, 0.0, 0.0, 0.0, 0.0, 0.0, 0.0, 0.0, 0.0, 0.0, 0.0, 0.0, 0.0, 0.0, 0.0, 0.0, 0.0, 0.0, 0.0, 0.0, 0.0, 0.0, 0.0, 0.0, 0.0, 0.0, 0.0, 0.0, 0.0, 0.0, 0.0, 0.0, 0.0, 0.0, 0.0, 0.0]
------------------------------------------------------
DRlow
[0.0, 0.0, 0.0, 0.0, 0.0, 0.0, 0.0, 0.0, 0.0, 0.0, 0.0, 0.0, 0.0, 0.0, 0.0, 0.0, 0.0, 0.0, 0.0, 0.0, 0.0, 0.0, 0.0, 0.0, 0.0, 0.0, 0.0, 0.0, 0.0, 0.0, 0.0, 0.0, 0.0, 0.0, 0.0, 0.0, 0.0, 0.0, 0.0, 0.0, 0.0, 0.0, 0.0, 0.0, 0.0, 0.0]
------------------------------------------------------
Yield
[13419.66471243971, 958.2418454495846, 51.304597238549476, 9563.244029819047, 2557.4532245887494, 95.83072928152174, 2344.382241153536, 66.75679613750788, 297.19914589207383, 12.663914686982768, 8481.097359073674, 2522.0322838319635, 178.7149119762282, 5128.184164647134, 4917.319036575573, 309.41812161616315, 2161.22488273525, 220.33067690817995, 320.4464370102257, 27.94800430729636, 495.78609758908254, 782.3880556494781, 101.17643923648768, 247.31304386933164, 1133.7024193735076, 173.48554876806335, 304.8797962247019, 124.35709640631357, 52.590326142688255, 16.616798365397404, 77.03906155953638, 24.188933210784388, 90.92692379153347, 49.3619866136035, 26.72582665969696, 27.401577166680468, 3.6280049046480465, 1.544890025079644, 2.651902473551114, 2.9883029280524984, 2.904577128853456, 5.66226050347682, 1.0274753518124369, 3.5007445556970964, 0.0, 0.0]
------------------------------------------------------
YstatUp
[0.014835348950471802, 0.055692262355195886, 0.24109568230971062, 0.017283952242343692, 0.03313252412305027, 0.1679364965715048, 0.03397450706151429, 0.19645755649491536, 0.09336794615520215, 0.4236864348437397, 0.01910530444354934, 0.03495327009520992, 0.12685884936409186, 0.024073715193485168, 0.024619506422686815, 0.09427988295985372, 0.03595394877274715, 0.10835836891916834, 0.08985077308522907, 0.2862458410996969, 0.0819805215665615, 0.06388133821510052, 0.16509073865950294, 0.11393659293643506, 0.0513419816776843, 0.12707345275497034, 0.09834475446523733, 0.14339796453483014, 0.23596875235800757, 0.3946270743681359, 0.2124987663705313, 0.3409084302882292, 0.18337068169995188, 0.22649695959396007, 0.31080886547261105, 0.3053327994387966, 1.0599858569660994, 1.6865613232550445, 1.1312633213025949, 1.0039142858770094, 1.0328525864225238, 0.6608062953791046, 2.1298375120339674, 0.9807904305033738, 0.9571022537081976, 1.0621918468388267]
------------------------------------------------------
YstatLow
[0.014835348950471802, 0.055692262355195886, 0.24109568230971062, 0.017283952242343692, 0.03313252412305027, 0.1679364965715048, 0.03397450706151429, 0.19645755649491536, 0.09336794615520215, 0.4236864348437397, 0.01910530444354934, 0.03495327009520992, 0.12685884936409186, 0.024073715193485168, 0.024619506422686815, 0.09427988295985372, 0.03595394877274715, 0.10835836891916834, 0.08985077308522907, 0.2862458410996969, 0.0819805215665615, 0.06388133821510052, 0.16509073865950294, 0.11393659293643506, 0.0513419816776843, 0.12707345275497034, 0.09834475446523733, 0.14339796453483014, 0.23596875235800757, 0.3946270743681359, 0.2124987663705313, 0.3409084302882292, 0.18337068169995188, 0.22649695959396007, 0.31080886547261105, 0.3053327994387966, 1.0599858569660994, 1.6865613232550445, 1.1312633213025949, 1.0039142858770094, 1.0328525864225238, 0.6608062953791046, 2.1298375120339674, 0.9807904305033738, 0.9571022537081976, 1.0621918468388267]
------------------------------------------------------
YsysUp
[0.0231402473212921, 0.03151120409399727, 0.041523781574292505, 0.025624698633842872, 0.025931092514933533, 0.03684794223905435, 0.02240241982910472, 0.040516345222124786, 0.02655638272206265, 0.09180154699459314, 0.02343036700525209, 0.02454296262827546, 0.02863263479002393, 0.026380941509397456, 0.02637108847224697, 0.027794215339531136, 0.022418009175263653, 0.027135730601557325, 0.026525149053800278, 0.05941689279331482, 0.0382365888344123, 0.03592189584234105, 0.03531631761544086, 0.043870612976783206, 0.03074700310095036, 0.03229643478211111, 0.02927380799534578, 0.03286472976300281, 0.04454073398217845, 0.08659865237148924, 0.08654628347050154, 0.062319023041221125, 0.060755610278198875, 0.04871039525732007, 0.07403766757987572, 0.06015614384350504, 0.12428295704896916, 0.15161018676514457, 0.21788990174522924, 0.1482366853652017, 0.18639799192929973, 0.12383210007788081, 0.38209820930465144, 0.15720520056872214, 0.4462531357219617, 0.391800664722311]
------------------------------------------------------
YsysLow
[0.0231402473212921, 0.03151120409399727, 0.041523781574292505, 0.025624698633842872, 0.025931092514933533, 0.03684794223905435, 0.02240241982910472, 0.040516345222124786, 0.040065464720637746, 0.09180154699459314, 0.02343036700525209, 0.02454296262827546, 0.02863263479002393, 0.026380941509397456, 0.02637108847224697, 0.027794215339531136, 0.022418009175263653, 0.027135730601557325, 0.026525149053800278, 0.05941689279331482, 0.0382365888344123, 0.03592189584234105, 0.03531631761544086, 0.043870612976783206, 0.03074700310095036, 0.03229643478211111, 0.02927380799534578, 0.03286472976300281, 0.04454073398217845, 0.08659865237148924, 0.08654628347050154, 0.062319023041221125, 0.060755610278198875, 0.04871039525732007, 0.07403766757987572, 0.06015614384350504, 0.12428295704896916, 0.15161018676514457, 0.21788990174522924, 0.1482366853652017, 0.18639799192929973, 0.12383210007788081, 0.38209820930465144, 0.15720520056872214, 0.4462531357219617, 0.391800664722311]
------------------------------------------------------