 binIndex : nMCGJ( nMCerr)|nMCEBt |nMCECt |Nobs |nEB| pEB(pEBerr) |nEC| pEC(pECerr) | trigW(trigWsysErr,trigWerr) | SF(SFerr) | ZJetsHisto_Rzg | GJetsHisto_Rzg | ZgR(REr1) |f(fsysErr,+ferrUp-ferrDn) |purity(pErr)| DR(+DRup-DRlow) |Yield(+YstatUp-YstatLow,+YsysUp-YsysLow)
 1 : 21185.038( 0.016)|19219.572 |1965.526 |20931.686 |18989.725| 0.971(0.008) |1942.02| 0.915(0.017) | 0.987(0.01,0.002) | 1.012(0.014) | 12268.143 | 21193.939 | 0.471(0.007) |0.981(0.005,+0.006-0.006) |0.966(0.009)| 1.0(+0.0-0.0) |9341.53(+0.015-0.015,+0.022-0.022)
 2 : 1832.963( 0.019)|1651.408 |181.547 |1811.043 |1631.659| 0.971(0.008) |179.376| 0.915(0.017) | 0.987(0.01,0.002) | 1.012(0.014) | 1029.608 | 1833.581 | 0.457(0.014) |0.98(0.005,+0.019-0.019) |0.966(0.009)| 1.0(+0.0-0.0) |782.665(+0.054-0.054,+0.031-0.031)
 3 : 141.987( 0.035)|130.473 |11.514 |140.289 |128.912| 0.971(0.008) |11.377| 0.915(0.017) | 0.987(0.01,0.002) | 1.012(0.014) | 72.395 | 142.028 | 0.414(0.038) |0.978(0.005,+0.003-0.003) |0.967(0.008)| 1.0(+0.0-0.0) |54.984(+0.215-0.215,+0.043-0.043)
 4 : 16111.927( 0.016)|14759.547 |1352.421 |15919.244 |14583.037| 0.978(0.01) |1336.247| 0.937(0.039) | 0.988(0.01,0.001) | 1.012(0.014) | 9126.729 | 16116.752 | 0.46(0.007) |0.983(0.005,+0.003-0.003) |0.974(0.012)| 1.0(+0.0-0.0) |7021.033(+0.018-0.018,+0.023-0.023)
 5 : 4581.771( 0.016)|4187.125 |394.666 |4526.978 |4137.051| 0.978(0.01) |389.946| 0.937(0.039) | 0.988(0.01,0.001) | 1.012(0.014) | 2530.289 | 4582.445 | 0.449(0.009) |0.992(0.005,+0.003-0.003) |0.974(0.012)| 1.0(+0.0-0.0) |1965.627(+0.034-0.034,+0.024-0.024)
 6 : 231.591( 0.029)|214.361 |17.229 |228.821 |211.798| 0.978(0.01) |17.023| 0.937(0.039) | 0.988(0.01,0.001) | 1.012(0.014) | 123.398 | 231.635 | 0.433(0.03) |0.99(0.005,+0.002-0.002) |0.975(0.012)| 1.0(+0.0-0.0) |95.641(+0.158-0.158,+0.037-0.037)
 7 : 4505.802( 0.016)|4231.898 |273.925 |4451.917 |4181.289| 0.987(0.006) |270.649| 0.976(0.015) | 0.987(0.01,0.002) | 1.012(0.014) | 2405.659 | 4513.184 | 0.433(0.009) |0.987(0.005,+0.006-0.006) |0.986(0.006)| 1.0(+0.0-0.0) |1879.36(+0.036-0.036,+0.022-0.022)
 8 : 156.762( 0.034)|147.348 |9.414 |154.887 |145.586| 0.987(0.006) |9.301| 0.976(0.015) | 0.987(0.01,0.002) | 1.012(0.014) | 83.273 | 157.039 | 0.431(0.036) |0.993(0.005,+0.002-0.002) |0.986(0.006)| 1.0(+0.0-0.0) |65.486(+0.19-0.19,+0.041-0.041)
 9 : 668.001( 0.021)|650.97 |17.032 |660.013 |643.185| 0.987(0.006) |16.828| 0.976(0.015) | 0.978(0.01,0.005) | 1.012(0.014) | 336.665 | 674.487 | 0.406(0.018) |1.0(0.005,+0.0-0.03) |0.986(0.006)| 1.0(+0.0-0.0) |266.795(+0.096-0.096,+0.027-0.04)
 10 : 23.167( 0.08)|22.658 |0.509 |22.89 |22.387| 0.987(0.006) |0.503| 0.976(0.015) | 0.978(0.01,0.005) | 1.012(0.014) | 15.127 | 23.393 | 0.526(0.09) |0.954(0.005,+0.005-0.005) |0.987(0.006)| 1.0(+0.0-0.0) |11.433(+0.418-0.418,+0.092-0.092)
 11 : 14350.98( 0.016)|12967.856 |1383.101 |14179.356 |12812.773| 0.971(0.008) |1366.56| 0.915(0.017) | 0.987(0.01,0.002) | 1.012(0.014) | 8315.418 | 14356.908 | 0.471(0.008) |0.936(0.005,+0.006-0.006) |0.966(0.009)| 1.0(+0.0-0.0) |6041.386(+0.02-0.02,+0.023-0.023)
 12 : 5222.876( 0.016)|4707.575 |515.353 |5160.416 |4651.277| 0.971(0.008) |509.19| 0.915(0.017) | 0.987(0.01,0.002) | 1.012(0.014) | 2902.327 | 5224.197 | 0.452(0.008) |0.961(0.005,+0.01-0.01) |0.966(0.009)| 1.0(+0.0-0.0) |2164.693(+0.033-0.033,+0.024-0.024)
 13 : 472.308( 0.023)|430.157 |42.152 |466.66 |425.012| 0.971(0.008) |41.648| 0.915(0.017) | 0.987(0.01,0.002) | 1.012(0.014) | 263.776 | 472.464 | 0.454(0.021) |0.972(0.005,+0.004-0.004) |0.966(0.009)| 1.0(+0.0-0.0) |199.093(+0.109-0.109,+0.029-0.029)
 14 : 9496.84( 0.016)|8679.089 |817.851 |9383.268 |8575.296| 0.978(0.01) |808.07| 0.937(0.039) | 0.988(0.01,0.001) | 1.012(0.014) | 5412.771 | 9498.774 | 0.463(0.008) |0.94(0.005,+0.005-0.005) |0.974(0.012)| 1.0(+0.0-0.0) |3984.32(+0.024-0.024,+0.024-0.024)
 15 : 10067.697( 0.015)|9186.701 |881.075 |9947.297 |9076.837| 0.978(0.01) |870.539| 0.937(0.039) | 0.988(0.01,0.001) | 1.012(0.014) | 5494.694 | 10070.197 | 0.444(0.006) |0.95(0.005,+0.008-0.008) |0.974(0.012)| 1.0(+0.0-0.0) |4086.316(+0.024-0.024,+0.024-0.024)
 16 : 825.319( 0.02)|762.291 |63.029 |815.449 |753.174| 0.978(0.01) |62.275| 0.937(0.039) | 0.988(0.01,0.001) | 1.012(0.014) | 453.002 | 825.488 | 0.446(0.016) |0.977(0.005,+0.003-0.003) |0.975(0.012)| 1.0(+0.0-0.0) |346.428(+0.082-0.082,+0.027-0.027)
 17 : 4783.262( 0.016)|4488.756 |294.52 |4726.059 |4435.075| 0.987(0.006) |290.998| 0.976(0.015) | 0.987(0.01,0.002) | 1.012(0.014) | 2565.297 | 4791.017 | 0.435(0.007) |0.95(0.005,+0.007-0.007) |0.986(0.006)| 1.0(+0.0-0.0) |1930.688(+0.036-0.036,+0.022-0.022)
 18 : 574.035( 0.022)|544.242 |29.794 |567.17 |537.733| 0.987(0.006) |29.438| 0.976(0.015) | 0.987(0.01,0.002) | 1.012(0.014) | 309.534 | 575.077 | 0.438(0.019) |0.984(0.005,+0.002-0.002) |0.986(0.006)| 1.0(+0.0-0.0) |241.14(+0.099-0.099,+0.027-0.027)
 19 : 853.029( 0.019)|831.0 |22.027 |842.827 |821.063| 0.987(0.006) |21.764| 0.976(0.015) | 0.978(0.01,0.005) | 1.012(0.014) | 441.551 | 861.305 | 0.417(0.015) |0.972(0.005,+0.008-0.008) |0.986(0.006)| 1.0(+0.0-0.0) |339.983(+0.085-0.085,+0.026-0.026)
 20 : 73.449( 0.048)|72.847 |0.602 |72.57 |71.975| 0.987(0.006) |0.595| 0.976(0.015) | 0.978(0.01,0.005) | 1.012(0.014) | 44.244 | 74.19 | 0.485(0.052) |0.925(0.005,+0.021-0.021) |0.987(0.006)| 1.0(+0.0-0.0) |32.442(+0.263-0.263,+0.06-0.06)
 21 : 984.525( 0.029)|888.149 |96.375 |972.751 |877.527| 0.971(0.008) |95.223| 0.915(0.017) | 0.987(0.01,0.002) | 1.012(0.014) | 567.788 | 984.864 | 0.469(0.028) |0.863(0.005,+0.018-0.018) |0.966(0.009)| 1.0(+0.0-0.0) |380.332(+0.082-0.082,+0.039-0.039)
 22 : 1641.811( 0.02)|1456.225 |185.578 |1622.176 |1438.81| 0.971(0.008) |183.359| 0.915(0.017) | 0.987(0.01,0.002) | 1.012(0.014) | 944.996 | 1642.431 | 0.468(0.015) |0.898(0.005,+0.025-0.025) |0.965(0.009)| 1.0(+0.0-0.0) |658.15(+0.061-0.061,+0.036-0.036)
 23 : 260.878( 0.028)|237.706 |23.172 |257.758 |234.864| 0.971(0.008) |22.894| 0.915(0.017) | 0.987(0.01,0.002) | 1.012(0.014) | 150.012 | 260.96 | 0.467(0.028) |0.983(0.005,+0.012-0.012) |0.966(0.008)| 1.0(+0.0-0.0) |114.482(+0.14-0.14,+0.036-0.036)
 24 : 505.427( 0.036)|449.877 |55.55 |499.383 |444.497| 0.978(0.01) |54.886| 0.937(0.039) | 0.987(0.01,0.001) | 1.012(0.014) | 275.722 | 505.56 | 0.443(0.037) |0.901(0.005,+0.011-0.011) |0.973(0.013)| 1.0(+0.0-0.0) |194.171(+0.115-0.115,+0.044-0.044)
 25 : 2383.683( 0.018)|2166.97 |216.699 |2355.177 |2141.055| 0.978(0.01) |214.108| 0.937(0.039) | 0.988(0.01,0.001) | 1.012(0.014) | 1356.173 | 2384.162 | 0.462(0.012) |0.916(0.005,+0.014-0.014) |0.974(0.013)| 1.0(+0.0-0.0) |971.944(+0.05-0.05,+0.029-0.029)
 26 : 450.986( 0.023)|412.12 |38.867 |445.593 |407.192| 0.978(0.01) |38.402| 0.937(0.039) | 0.988(0.01,0.001) | 1.012(0.014) | 250.405 | 451.09 | 0.451(0.021) |0.956(0.005,+0.01-0.01) |0.974(0.012)| 1.0(+0.0-0.0) |187.352(+0.113-0.113,+0.032-0.032)
 27 : 759.237( 0.021)|708.012 |51.227 |750.158 |699.544| 0.987(0.006) |50.615| 0.976(0.015) | 0.987(0.01,0.002) | 1.012(0.014) | 408.01 | 760.563 | 0.436(0.018) |0.905(0.005,+0.012-0.012) |0.986(0.007)| 1.0(+0.0-0.0) |292.317(+0.094-0.094,+0.029-0.029)
 28 : 295.941( 0.027)|277.411 |18.53 |292.402 |274.093| 0.987(0.006) |18.309| 0.976(0.015) | 0.987(0.01,0.002) | 1.012(0.014) | 165.207 | 296.462 | 0.453(0.026) |0.971(0.005,+0.006-0.006) |0.986(0.006)| 1.0(+0.0-0.0) |126.998(+0.135-0.135,+0.033-0.033)
 29 : 181.276( 0.032)|175.984 |5.292 |179.108 |173.879| 0.987(0.006) |5.229| 0.976(0.015) | 0.979(0.01,0.006) | 1.012(0.014) | 88.085 | 183.02 | 0.391(0.034) |0.923(0.005,+0.021-0.021) |0.986(0.006)| 1.0(+0.0-0.0) |64.419(+0.208-0.208,+0.045-0.045)
 30 : 41.373( 0.062)|40.472 |0.901 |40.878 |39.988| 0.987(0.006) |0.891| 0.976(0.015) | 0.978(0.01,0.005) | 1.012(0.014) | 23.218 | 41.778 | 0.452(0.069) |0.88(0.005,+0.049-0.049) |0.987(0.006)| 1.0(+0.0-0.0) |16.186(+0.395-0.395,+0.087-0.087)
 31 : 150.634( 0.046)|133.271 |17.363 |148.832 |131.677| 0.971(0.008) |17.155| 0.915(0.017) | 0.987(0.01,0.002) | 1.012(0.014) | 89.81 | 150.693 | 0.485(0.049) |0.816(0.005,+0.071-0.071) |0.965(0.009)| 1.0(+0.0-0.0) |56.787(+0.215-0.215,+0.089-0.089)
 32 : 59.933( 0.052)|51.365 |8.568 |59.216 |50.751| 0.971(0.008) |8.465| 0.915(0.017) | 0.987(0.01,0.002) | 1.012(0.014) | 37.26 | 59.961 | 0.505(0.058) |0.935(0.005,+0.026-0.026) |0.963(0.009)| 1.0(+0.0-0.0) |26.962(+0.285-0.285,+0.067-0.067)
 33 : 183.844( 0.039)|165.921 |17.923 |181.645 |163.936| 0.978(0.01) |17.709| 0.937(0.039) | 0.987(0.01,0.001) | 1.012(0.014) | 112.254 | 183.888 | 0.496(0.041) |0.849(0.005,+0.04-0.04) |0.974(0.013)| 1.0(+0.0-0.0) |74.553(+0.181-0.181,+0.061-0.061)
 34 : 99.536( 0.041)|88.952 |10.584 |98.346 |87.888| 0.978(0.01) |10.458| 0.937(0.039) | 0.988(0.01,0.001) | 1.012(0.014) | 59.491 | 99.561 | 0.486(0.045) |0.994(0.005,+0.006-0.006) |0.973(0.013)| 1.0(+0.0-0.0) |46.247(+0.214-0.214,+0.05-0.05)
 35 : 48.019( 0.064)|45.372 |2.647 |47.444 |44.829| 0.987(0.006) |2.615| 0.976(0.015) | 0.987(0.01,0.002) | 1.012(0.014) | 28.19 | 48.105 | 0.476(0.071) |0.904(0.005,+0.021-0.021) |0.986(0.006)| 1.0(+0.0-0.0) |20.189(+0.341-0.341,+0.076-0.076)
 36 : 63.298( 0.05)|58.659 |4.638 |62.541 |57.958| 0.987(0.006) |4.583| 0.976(0.015) | 0.987(0.01,0.002) | 1.012(0.014) | 36.2 | 63.405 | 0.464(0.056) |0.97(0.005,+0.019-0.019) |0.986(0.007)| 1.0(+0.0-0.0) |27.794(+0.285-0.285,+0.062-0.062)
 37 : 18.246( 0.091)|17.959 |0.286 |18.028 |17.744| 0.987(0.006) |0.283| 0.976(0.015) | 0.979(0.01,0.005) | 1.012(0.014) | 8.547 | 18.427 | 0.377(0.107) |0.851(0.005,+0.063-0.063) |0.987(0.006)| 1.0(+0.0-0.0) |5.763(+0.737-0.737,+0.126-0.126)
 38 : 10.011( 0.124)|9.46 |0.551 |9.891 |9.347| 0.987(0.006) |0.544| 0.976(0.015) | 0.979(0.01,0.006) | 1.012(0.014) | 5.575 | 10.101 | 0.449(0.143) |0.88(0.005,+0.049-0.049) |0.986(0.006)| 1.0(+0.0-0.0) |3.887(+0.809-0.809,+0.152-0.152)
 39 : 5.717( 0.204)|5.237 |0.48 |5.649 |5.175| 0.971(0.008) |0.474| 0.915(0.017) | 0.987(0.01,0.002) | 1.012(0.014) | 3.544 | 5.719 | 0.504(0.228) |0.816(0.005,+0.071-0.071) |0.966(0.008)| 1.0(+0.0-0.0) |2.245(+1.059-1.059,+0.239-0.239)
 40 : 7.416( 0.139)|6.39 |1.026 |7.327 |6.313| 0.971(0.008) |1.014| 0.915(0.017) | 0.987(0.01,0.002) | 1.012(0.014) | 4.657 | 7.42 | 0.51(0.159) |0.935(0.005,+0.026-0.026) |0.963(0.009)| 1.0(+0.0-0.0) |3.371(+0.803-0.803,+0.163-0.163)
 41 : 6.611( 0.165)|6.312 |0.299 |6.532 |6.236| 0.978(0.01) |0.295| 0.937(0.039) | 0.988(0.01,0.001) | 1.012(0.014) | 3.98 | 6.611 | 0.489(0.19) |0.849(0.005,+0.04-0.04) |0.976(0.011)| 1.0(+0.0-0.0) |2.649(+0.965-0.965,+0.195-0.195)
 42 : 10.639( 0.118)|9.726 |0.913 |10.511 |9.61| 0.978(0.01) |0.902| 0.937(0.039) | 0.987(0.01,0.001) | 1.012(0.014) | 7.115 | 10.641 | 0.544(0.133) |0.994(0.005,+0.006-0.006) |0.974(0.012)| 1.0(+0.0-0.0) |5.536(+0.586-0.586,+0.135-0.135)
 43 : 1.23( 0.354)|1.23 |0.0 |1.215 |1.215| 0.987(0.006) |0.0| 0.976(0.015) | 0.986(0.01,0.002) | 1.012(0.014) | 0.965 | 1.232 | 0.637(0.399) |0.904(0.005,+0.021-0.021) |0.987(0.006)| 1.0(+0.0-0.0) |0.692(+2.893-2.893,+0.4-0.4)
 44 : 7.422( 0.141)|6.929 |0.493 |7.333 |6.846| 0.987(0.006) |0.487| 0.976(0.015) | 0.987(0.01,0.002) | 1.012(0.014) | 4.244 | 7.434 | 0.464(0.162) |0.97(0.005,+0.019-0.019) |0.986(0.006)| 1.0(+0.0-0.0) |3.258(+0.831-0.831,+0.165-0.165)
 45 : 1.078( 0.376)|1.078 |0.0 |1.065 |1.065| 0.987(0.006) |0.0| 0.976(0.015) | 0.978(0.01,0.005) | 1.012(0.014) | 0.546 | 1.089 | 0.408(0.441) |0.851(0.005,+0.063-0.063) |0.987(0.006)| 1.0(+0.0-0.0) |0.369(+5.326-5.326,+0.446-0.446)
 46 : 1.223( 0.359)|1.223 |0.0 |1.209 |1.209| 0.987(0.006) |0.0| 0.976(0.015) | 0.978(0.01,0.005) | 1.012(0.014) | 0.744 | 1.236 | 0.489(0.408) |0.977(0.005,+0.003-0.003) |0.987(0.006)| 1.0(+0.0-0.0) |0.576(+3.474-3.474,+0.409-0.409)

binIndex
[1, 2, 3, 4, 5, 6, 7, 8, 9, 10, 11, 12, 13, 14, 15, 16, 17, 18, 19, 20, 21, 22, 23, 24, 25, 26, 27, 28, 29, 30, 31, 32, 33, 34, 35, 36, 37, 38, 39, 40, 41, 42, 43, 44, 45, 46]
------------------------------------------------------
nMCGJ
[21185.03750941065, 1832.9631393551524, 141.9867624204718, 16111.926747865562, 4581.771453559468, 231.59053034455943, 4505.801898135024, 156.76180006013016, 668.0013880679626, 23.166691378518582, 14350.979880743325, 5222.875924927315, 472.3084030961633, 9496.84033606613, 10067.696504526359, 825.3190297769048, 4783.261642071342, 574.0353010024002, 853.0286440466768, 73.44887099681773, 984.5254088066329, 1641.8108148051258, 260.87777307716766, 505.42706453789424, 2383.68298968024, 450.9862111966039, 759.2372536006789, 295.9414787593212, 181.27615879702742, 41.37325045527387, 150.63361190632563, 59.932855153630335, 183.8438377272466, 99.53601666629721, 48.018632954985634, 63.29776501060558, 18.245712153554326, 10.010622461022512, 5.717116560456783, 7.416115314413676, 6.610562283620521, 10.638644994096182, 1.2297280529994874, 7.42152053160317, 1.0781581619194234, 1.2233702869325154]
------------------------------------------------------
nMCerr
[0.015562686543827359, 0.018844380399272286, 0.03546313740210576, 0.015534568085304767, 0.016495453787061815, 0.02935452824361263, 0.016190279050418047, 0.034232949875956896, 0.020677414682605064, 0.0801979704439542, 0.01589138592219301, 0.01608149415373481, 0.022897759049207267, 0.01615884216393136, 0.015280511479415539, 0.019686364947789116, 0.015768896334887313, 0.0215842586565084, 0.019484847194732997, 0.04768163021071721, 0.02886256454745106, 0.01950753923940623, 0.028022480938382544, 0.0356186295870973, 0.01781417805141623, 0.023202616308434114, 0.02114768932466381, 0.026666852044255798, 0.0320844577012033, 0.061535643262347194, 0.045794147775085496, 0.05219476357850529, 0.03932544482742483, 0.04133677792185848, 0.06422457350124369, 0.05027041468894525, 0.09114037411187523, 0.12447823074161443, 0.20378045851111534, 0.13900699000374228, 0.1646925092034382, 0.1179620711894604, 0.35430725977331745, 0.14083140938598881, 0.37602533752668027, 0.3590071746706843]
------------------------------------------------------
nMCEBt
[19219.57155538528, 1651.4082566728794, 130.47253787645784, 14759.546596062848, 4187.125118381077, 214.36147777043806, 4231.897860500731, 147.3482591246409, 650.9698266864675, 22.658027623597185, 12967.856089044988, 4707.575258253717, 430.1565426873512, 8679.089166319713, 9186.700710776047, 762.290738008412, 4488.756252301881, 544.2417438539132, 831.0004998952143, 72.84662941930324, 888.1485331006457, 1456.2253079950808, 237.70634827273884, 449.87690619454304, 2166.969732797609, 412.1203213085839, 708.0116087654313, 277.410942546836, 175.9838643163615, 40.471965236750655, 133.27098869371304, 51.365280899599234, 165.9206626051282, 88.95168252234717, 45.37165176685773, 58.65942459247993, 17.959249155554158, 9.459904185932148, 5.237380852281406, 6.389751439690878, 6.311520573046516, 9.725977932519665, 1.2297280529994874, 6.928629876092864, 1.0781581619194234, 1.2233702869325154]
------------------------------------------------------
nMCECt
[1965.5261218144303, 181.5466821956227, 11.514369326617224, 1352.4207990359796, 394.66610282982595, 17.22911627846683, 273.9245774596128, 9.41358147461819, 17.03159226845035, 0.5086627293779559, 1383.100688255722, 515.3531436107689, 42.15247042618064, 817.8511817079009, 881.0754820951624, 63.02853886413576, 294.5199992993506, 29.79439109628186, 22.0274549862709, 0.6022526171879989, 96.3753313582187, 185.57840281031037, 23.171523256599045, 55.54993441292477, 216.69920331793853, 38.86656167929926, 51.22743627865889, 18.530401082055516, 5.292347567620454, 0.9012848565667051, 17.362663751741522, 8.567546262727797, 17.923289017766344, 10.584276230908722, 2.6469802229105523, 4.638316287691769, 0.28646378223927077, 0.5507191196555499, 0.47973591931667303, 1.0263630301576123, 0.2990420725305129, 0.9126660360330778, 0.0, 0.49289095714072934, 0.0, 0.0]
------------------------------------------------------
Nobs
[20931.685546875, 1811.042724609375, 140.2887420654297, 15919.244140625, 4526.97802734375, 228.82093811035156, 4451.9169921875, 154.8870849609375, 660.0127563476562, 22.88964080810547, 14179.3564453125, 5160.41552734375, 466.6600646972656, 9383.267578125, 9947.296875, 815.4490356445312, 4726.05859375, 567.17041015625, 842.8272705078125, 72.57049560546875, 972.75146484375, 1622.1763916015625, 257.7579345703125, 499.3826599121094, 2355.176513671875, 445.5928649902344, 750.1575317382812, 292.4023132324219, 179.1082763671875, 40.87846755981445, 148.83218383789062, 59.21611785888672, 181.64524841308594, 98.34566497802734, 47.44437789916992, 62.54078674316406, 18.027511596679688, 9.890905380249023, 5.648745536804199, 7.327425956726074, 6.531506538391113, 10.511417388916016, 1.2150217294692993, 7.332766532897949, 1.0652644634246826, 1.208739995956421]
------------------------------------------------------
nEB
[18989.724609375, 1631.6590576171875, 128.91221618652344, 14583.037109375, 4137.05126953125, 211.7979278564453, 4181.28857421875, 145.58612060546875, 643.1848754882812, 22.387060165405273, 12812.7734375, 4651.27734375, 425.0122985839844, 8575.2958984375, 9076.8369140625, 753.1744995117188, 4435.0751953125, 537.733154296875, 821.0625610351562, 71.97545623779297, 877.5271606445312, 1438.810302734375, 234.86361694335938, 444.496826171875, 2141.054931640625, 407.1917724609375, 699.5444946289062, 274.0933837890625, 173.8792724609375, 39.98796081542969, 131.6772003173828, 50.75100326538086, 163.93641662597656, 87.88790893554688, 44.82905197143555, 57.957916259765625, 17.744474411010742, 9.346773147583008, 5.174746990203857, 6.313336372375488, 6.236041069030762, 9.609664916992188, 1.2150217294692993, 6.845770359039307, 1.0652644634246826, 1.208739995956421]
------------------------------------------------------
pEB
[0.9710918598856667, 0.9710918598856667, 0.9710918598856667, 0.977619477769, 0.977619477769, 0.977619477769, 0.9867390363393334, 0.9867390363393334, 0.9867390363393334, 0.9867390363393334, 0.9710918598856667, 0.9710918598856667, 0.9710918598856667, 0.977619477769, 0.977619477769, 0.977619477769, 0.9867390363393334, 0.9867390363393334, 0.9867390363393334, 0.9867390363393334, 0.9710918598856667, 0.9710918598856667, 0.9710918598856667, 0.977619477769, 0.977619477769, 0.977619477769, 0.9867390363393334, 0.9867390363393334, 0.9867390363393334, 0.9867390363393334, 0.9710918598856667, 0.9710918598856667, 0.977619477769, 0.977619477769, 0.9867390363393334, 0.9867390363393334, 0.9867390363393334, 0.9867390363393334, 0.9710918598856667, 0.9710918598856667, 0.977619477769, 0.977619477769, 0.9867390363393334, 0.9867390363393334, 0.9867390363393334, 0.9867390363393334]
------------------------------------------------------
pEBerr
[0.007719603300504769, 0.007719603300504769, 0.007719603300504769, 0.010028543094674975, 0.010028543094674975, 0.010028543094674975, 0.0059068255310504745, 0.0059068255310504745, 0.0059068255310504745, 0.0059068255310504745, 0.007719603300504769, 0.007719603300504769, 0.007719603300504769, 0.010028543094674975, 0.010028543094674975, 0.010028543094674975, 0.0059068255310504745, 0.0059068255310504745, 0.0059068255310504745, 0.0059068255310504745, 0.007719603300504769, 0.007719603300504769, 0.007719603300504769, 0.010028543094674975, 0.010028543094674975, 0.010028543094674975, 0.0059068255310504745, 0.0059068255310504745, 0.0059068255310504745, 0.0059068255310504745, 0.007719603300504769, 0.007719603300504769, 0.010028543094674975, 0.010028543094674975, 0.0059068255310504745, 0.0059068255310504745, 0.0059068255310504745, 0.0059068255310504745, 0.007719603300504769, 0.007719603300504769, 0.010028543094674975, 0.010028543094674975, 0.0059068255310504745, 0.0059068255310504745, 0.0059068255310504745, 0.0059068255310504745]
------------------------------------------------------
nEC
[1942.0203857421875, 179.3755645751953, 11.376668930053711, 1336.2471923828125, 389.9462890625, 17.023073196411133, 270.6487121582031, 9.301004409790039, 16.827911376953125, 0.5025796294212341, 1366.5601806640625, 509.1900329589844, 41.64836883544922, 808.0704956054688, 870.5386962890625, 62.2747802734375, 290.9978332519531, 29.438079833984375, 21.764028549194336, 0.5950502753257751, 95.2227783203125, 183.35906982421875, 22.8944149017334, 54.88561248779297, 214.10769653320312, 38.401756286621094, 50.61480712890625, 18.308795928955078, 5.229056358337402, 0.890506386756897, 17.1550235748291, 8.465086936950684, 17.70894432067871, 10.457698822021484, 2.6153249740600586, 4.582846641540527, 0.2830379605293274, 0.5441330671310425, 0.4739987552165985, 1.014088749885559, 0.2954658269882202, 0.9017514586448669, 0.0, 0.48699647188186646, 0.0, 0.0]
------------------------------------------------------
pEC
[0.914854633375, 0.914854633375, 0.914854633375, 0.936992166957, 0.936992166957, 0.936992166957, 0.976269945, 0.976269945, 0.976269945, 0.976269945, 0.914854633375, 0.914854633375, 0.914854633375, 0.936992166957, 0.936992166957, 0.936992166957, 0.976269945, 0.976269945, 0.976269945, 0.976269945, 0.914854633375, 0.914854633375, 0.914854633375, 0.936992166957, 0.936992166957, 0.936992166957, 0.976269945, 0.976269945, 0.976269945, 0.976269945, 0.914854633375, 0.914854633375, 0.936992166957, 0.936992166957, 0.976269945, 0.976269945, 0.976269945, 0.976269945, 0.914854633375, 0.914854633375, 0.936992166957, 0.936992166957, 0.976269945, 0.976269945, 0.976269945, 0.976269945]
------------------------------------------------------
pECerr
[0.01696503602298324, 0.01696503602298324, 0.01696503602298324, 0.039258481065496585, 0.039258481065496585, 0.039258481065496585, 0.014834482530648835, 0.014834482530648835, 0.014834482530648835, 0.014834482530648835, 0.01696503602298324, 0.01696503602298324, 0.01696503602298324, 0.039258481065496585, 0.039258481065496585, 0.039258481065496585, 0.014834482530648835, 0.014834482530648835, 0.014834482530648835, 0.014834482530648835, 0.01696503602298324, 0.01696503602298324, 0.01696503602298324, 0.039258481065496585, 0.039258481065496585, 0.039258481065496585, 0.014834482530648835, 0.014834482530648835, 0.014834482530648835, 0.014834482530648835, 0.01696503602298324, 0.01696503602298324, 0.039258481065496585, 0.039258481065496585, 0.014834482530648835, 0.014834482530648835, 0.014834482530648835, 0.014834482530648835, 0.01696503602298324, 0.01696503602298324, 0.039258481065496585, 0.039258481065496585, 0.014834482530648835, 0.014834482530648835, 0.014834482530648835, 0.014834482530648835]
------------------------------------------------------
trigW
[0.9871907904582173, 0.9871757732317329, 0.9873721666679083, 0.9875276350957345, 0.9875488071556755, 0.9876445705056858, 0.9867464424404828, 0.9866582633302683, 0.9784837556438741, 0.9783378899336935, 0.9871736331179162, 0.9871578565218848, 0.9872361824668503, 0.9875185966716759, 0.9875367833813463, 0.987582794056401, 0.986770474963261, 0.9866569261674089, 0.978484410968589, 0.9782327761351988, 0.9871992956971912, 0.9871170799295736, 0.9872482537820119, 0.9874907205572667, 0.9875093937294934, 0.9875536384773165, 0.9868532792852652, 0.9867414444400424, 0.9785843213876538, 0.9783158097436107, 0.9870499775376291, 0.9870099143927843, 0.9874704386799719, 0.9875019012942534, 0.9866309466188958, 0.9868826100536571, 0.9785952180945435, 0.9786455552277472, 0.9870912032703522, 0.9869309165432582, 0.9875745151527175, 0.9874264592949097, 0.9864427261297701, 0.986933478506173, 0.978072890487094, 0.9784304093203241]
------------------------------------------------------
trigWsysErr
[0.01, 0.01, 0.01, 0.01, 0.01, 0.01, 0.01, 0.01, 0.01, 0.01, 0.01, 0.01, 0.01, 0.01, 0.01, 0.01, 0.01, 0.01, 0.01, 0.01, 0.01, 0.01, 0.01, 0.01, 0.01, 0.01, 0.01, 0.01, 0.01, 0.01, 0.01, 0.01, 0.01, 0.01, 0.01, 0.01, 0.01, 0.01, 0.01, 0.01, 0.01, 0.01, 0.01, 0.01, 0.01, 0.01]
------------------------------------------------------
trigWerr
[0.0018102701242121294, 0.0018187552721677439, 0.0017072716239710719, 0.001360219912076747, 0.0013515620349240215, 0.0013053981298660757, 0.0021986449323731626, 0.002108000074088783, 0.005412111224145361, 0.005201188308825471, 0.001818495600847496, 0.0018254913994115243, 0.0017892265182408858, 0.0013623125481549588, 0.0013565231027288227, 0.0013355737579431332, 0.002222821169431596, 0.0021089654827603204, 0.005406852444153865, 0.004971891031353966, 0.0018087690093789625, 0.0018476698784243189, 0.001778804216201851, 0.0013702987388923937, 0.001366992287313257, 0.0013503817100042038, 0.0022961598055086636, 0.0021899335804192294, 0.005538986038551084, 0.005162792815941984, 0.001876725042708843, 0.0018869811062535728, 0.0013834822832447604, 0.001369283503639707, 0.0020893921256248693, 0.002316910428766717, 0.005481984795883596, 0.00555009379414108, 0.0018435641952234277, 0.0019340005488045703, 0.0013612712516798112, 0.0014081099179430651, 0.0018097468889005576, 0.002375090477576947, 0.00457811381313531, 0.005188647611146736]
------------------------------------------------------
SF
[1.0121037535160886, 1.0121037535160886, 1.0121037535160886, 1.0121037535160886, 1.0121037535160886, 1.0121037535160886, 1.0121037535160886, 1.0121037535160886, 1.0121037535160886, 1.0121037535160886, 1.0121037535160886, 1.0121037535160886, 1.0121037535160886, 1.0121037535160886, 1.0121037535160886, 1.0121037535160886, 1.0121037535160886, 1.0121037535160886, 1.0121037535160886, 1.0121037535160886, 1.0121037535160886, 1.0121037535160886, 1.0121037535160886, 1.0121037535160886, 1.0121037535160886, 1.0121037535160886, 1.0121037535160886, 1.0121037535160886, 1.0121037535160886, 1.0121037535160886, 1.0121037535160886, 1.0121037535160886, 1.0121037535160886, 1.0121037535160886, 1.0121037535160886, 1.0121037535160886, 1.0121037535160886, 1.0121037535160886, 1.0121037535160886, 1.0121037535160886, 1.0121037535160886, 1.0121037535160886, 1.0121037535160886, 1.0121037535160886, 1.0121037535160886, 1.0121037535160886]
------------------------------------------------------
SFerr
[0.014333100082516856, 0.014333100082516856, 0.014333100082516856, 0.014333100082516856, 0.014333100082516856, 0.014333100082516856, 0.014333100082516856, 0.014333100082516856, 0.014333100082516856, 0.014333100082516856, 0.014333100082516856, 0.014333100082516856, 0.014333100082516856, 0.014333100082516856, 0.014333100082516856, 0.014333100082516856, 0.014333100082516856, 0.014333100082516856, 0.014333100082516856, 0.014333100082516856, 0.014333100082516856, 0.014333100082516856, 0.014333100082516856, 0.014333100082516856, 0.014333100082516856, 0.014333100082516856, 0.014333100082516856, 0.014333100082516856, 0.014333100082516856, 0.014333100082516856, 0.014333100082516856, 0.014333100082516856, 0.014333100082516856, 0.014333100082516856, 0.014333100082516856, 0.014333100082516856, 0.014333100082516856, 0.014333100082516856, 0.014333100082516856, 0.014333100082516856, 0.014333100082516856, 0.014333100082516856, 0.014333100082516856, 0.014333100082516856, 0.014333100082516856, 0.014333100082516856]
------------------------------------------------------
ZJetsHisto_Rzg
[12268.142578125, 1029.6083984375, 72.39533996582031, 9126.728515625, 2530.289306640625, 123.39778900146484, 2405.65869140625, 83.27269744873047, 336.6653137207031, 15.12742805480957, 8315.41796875, 2902.326904296875, 263.7760009765625, 5412.77099609375, 5494.69384765625, 453.0018310546875, 2565.296630859375, 309.53350830078125, 441.5506896972656, 44.243953704833984, 567.7879638671875, 944.9960327148438, 150.01231384277344, 275.7218017578125, 1356.1729736328125, 250.40521240234375, 408.0100402832031, 165.20713806152344, 88.084716796875, 23.218067169189453, 89.80988311767578, 37.25970458984375, 112.2542724609375, 59.491058349609375, 28.18962860107422, 36.19950485229492, 8.546917915344238, 5.574858665466309, 3.5437071323394775, 4.657069683074951, 3.9802558422088623, 7.114800930023193, 0.9654143452644348, 4.243536472320557, 0.5464163422584534, 0.7436253428459167]
------------------------------------------------------
GJetsHisto_Rzg
[21193.939453125, 1833.580810546875, 142.02757263183594, 16116.751953125, 4582.4453125, 231.63528442382812, 4513.18408203125, 157.03871154785156, 674.4865112304688, 23.393218994140625, 14356.908203125, 5224.197265625, 472.463623046875, 9498.7744140625, 10070.197265625, 825.48828125, 4791.01708984375, 575.0771484375, 861.305419921875, 74.18956756591797, 984.8637084960938, 1642.431396484375, 260.95977783203125, 505.5599365234375, 2384.162109375, 451.0904846191406, 760.5629272460938, 296.4615783691406, 183.02005004882812, 41.77794647216797, 150.69268798828125, 59.96134948730469, 183.88803100585938, 99.56136322021484, 48.10457992553711, 63.405277252197266, 18.426660537719727, 10.101157188415527, 5.718815803527832, 7.41955041885376, 6.611444473266602, 10.640935897827148, 1.2322735786437988, 7.43439245223999, 1.0892274379730225, 1.2359304428100586]
------------------------------------------------------
ZgR
[0.47061094641685486, 0.4565274715423584, 0.4144124984741211, 0.46039703488349915, 0.44891878962516785, 0.4331093430519104, 0.43335703015327454, 0.431112676858902, 0.40580740571022034, 0.5257387757301331, 0.4708884656429291, 0.45167043805122375, 0.4539016783237457, 0.4632836580276489, 0.4436090588569641, 0.4461531341075897, 0.4353161156177521, 0.4375991225242615, 0.4167909622192383, 0.48484840989112854, 0.4687107801437378, 0.4677756428718567, 0.46735644340515137, 0.443397581577301, 0.4624600410461426, 0.45130959153175354, 0.4361446797847748, 0.4530595541000366, 0.39128822088241577, 0.4518287479877472, 0.4845368564128876, 0.5051994919776917, 0.49630001187324524, 0.4857980012893677, 0.4764285981655121, 0.46416473388671875, 0.3771010935306549, 0.4487015902996063, 0.5037866234779358, 0.5103052854537964, 0.4894513487815857, 0.543597936630249, 0.6369443535804749, 0.464063435792923, 0.40784958004951477, 0.4891646206378937]
------------------------------------------------------
REr1
[0.006922193546312525, 0.013743956115524772, 0.03810017666724845, 0.006760985956545566, 0.00916335690003602, 0.029889181308167992, 0.008509003436287226, 0.036311043213840016, 0.017509346173434026, 0.09015563546288374, 0.007796366453795858, 0.008199104454930467, 0.02073962436012889, 0.008392279349077107, 0.005961966844213532, 0.015711415685510776, 0.007479483161398508, 0.01883225758520006, 0.0154776282045684, 0.052092791670320014, 0.028424717903454418, 0.014836133293679913, 0.02784663225434956, 0.03677430571190403, 0.011884932307202901, 0.02120651179008924, 0.017786435753496647, 0.02612091739842779, 0.03394913640078314, 0.06932563054816214, 0.0488895496877929, 0.0575571346480831, 0.04096526297654483, 0.044658955920673864, 0.07051283038416799, 0.05587487010667049, 0.10721595119290256, 0.1430342170983697, 0.227628389668626, 0.1592465685484616, 0.18951889494713106, 0.13348970902369964, 0.3987057077031491, 0.16241893394880713, 0.4414392388351014, 0.4080640794953249]
------------------------------------------------------
f
[0.980970848395, 0.979579982675, 0.97784011656, 0.982804183987, 0.992417156153, 0.989805871938, 0.986560350194, 0.993140177096, 1.0, 0.953618816921, 0.936163434222, 0.961005301397, 0.972139532712, 0.940385724616, 0.950197508549, 0.976655247901, 0.950450944646, 0.983798750782, 0.971620466278, 0.925226088907, 0.863168788586, 0.89820726474, 0.982895043944, 0.900606253693, 0.915769869158, 0.955916109115, 0.905015525661, 0.970899244113, 0.922902661284, 0.879589782771, 0.815529645074, 0.934845627087, 0.848863230508, 0.994014071109, 0.904401397286, 0.96992243711, 0.851114705095, 0.879589782771, 0.815529645074, 0.934845627087, 0.848863230508, 0.994014071109, 0.904401397286, 0.96992243711, 0.851114705095, 0.976828992242]
------------------------------------------------------
fsysErr
[0.005, 0.005, 0.005, 0.005, 0.005, 0.005, 0.005, 0.005, 0.005, 0.005, 0.005, 0.005, 0.005, 0.005, 0.005, 0.005, 0.005, 0.005, 0.005, 0.005, 0.005, 0.005, 0.005, 0.005, 0.005, 0.005, 0.005, 0.005, 0.005, 0.005, 0.005, 0.005, 0.005, 0.005, 0.005, 0.005, 0.005, 0.005, 0.005, 0.005, 0.005, 0.005, 0.005, 0.005, 0.005, 0.005]
------------------------------------------------------
ferrUp
[0.006267172784215567, 0.019478406570635775, 0.0026601024047169923, 0.003453600038677589, 0.0030319557205297962, 0.0024040902535270607, 0.005719404936201253, 0.0017241380371770848, 0.0, 0.004956618004352543, 0.006423991602062374, 0.009829849138301006, 0.003725445365395842, 0.004547695193401958, 0.008088820569143439, 0.003208218918399355, 0.006782699667851954, 0.002175435789493338, 0.008057133221769864, 0.021490096443658086, 0.017582641816975168, 0.025281549495007927, 0.012140341476459678, 0.010592699216279216, 0.01417104457600469, 0.010407411056343175, 0.012446664000899605, 0.0063953392834934855, 0.02124919568117404, 0.04858354488654359, 0.07094658181880065, 0.026454198598073436, 0.039540389614960085, 0.006020459823293357, 0.020642013927026682, 0.018511460306040676, 0.06262446768682099, 0.04858354488654359, 0.07094658181880065, 0.026454198598073436, 0.039540389614960085, 0.006020459823293357, 0.020642013927026682, 0.018511460306040676, 0.06262446768682099, 0.0031862049506603284]
------------------------------------------------------
ferrDn
[0.006267172784215567, 0.019478406570635775, 0.0026601024047169923, 0.003453600038677589, 0.0030319557205297962, 0.0024040902535270607, 0.005719404936201253, 0.0017241380371770848, 0.03, 0.004956618004352543, 0.006423991602062374, 0.009829849138301006, 0.003725445365395842, 0.004547695193401958, 0.008088820569143439, 0.003208218918399355, 0.006782699667851954, 0.002175435789493338, 0.008057133221769864, 0.021490096443658086, 0.017582641816975168, 0.025281549495007927, 0.012140341476459678, 0.010592699216279216, 0.01417104457600469, 0.010407411056343175, 0.012446664000899605, 0.0063953392834934855, 0.02124919568117404, 0.04858354488654359, 0.07094658181880065, 0.026454198598073436, 0.039540389614960085, 0.006020459823293357, 0.020642013927026682, 0.018511460306040676, 0.06262446768682099, 0.04858354488654359, 0.07094658181880065, 0.026454198598073436, 0.039540389614960085, 0.006020459823293357, 0.020642013927026682, 0.018511460306040676, 0.06262446768682099, 0.0031862049506603284]
------------------------------------------------------
purity
[0.9658742423221625, 0.9655217928467039, 0.9665313253356584, 0.9742092660422954, 0.9741199245042421, 0.9745970205533433, 0.9861025839577764, 0.9861103652041178, 0.9864721128118478, 0.9865091702473868, 0.9656718904787819, 0.9655428595471063, 0.9660728194661025, 0.9741207620837836, 0.9740640026795501, 0.9745168239110132, 0.9860944244432731, 0.9861956555610243, 0.9864686965023975, 0.98665319381207, 0.9655867812021635, 0.9647351836242812, 0.9660967938252937, 0.9731542529933082, 0.9739260513235233, 0.9741181699902081, 0.98603266498899, 0.9860835129876323, 0.9864333918782697, 0.9865109751291342, 0.9646097223394845, 0.9630526089003486, 0.9736586456215722, 0.9732993236705283, 0.986161937896942, 0.9859718848391164, 0.9865746681114709, 0.9861630953024977, 0.9663728697656917, 0.9633088340917935, 0.9757816198016921, 0.974134149486272, 0.9867390363393334, 0.9860437448260992, 0.9867390363393334, 0.9867390363393334]
------------------------------------------------------
pErr
[0.008532072861623106, 0.008587271702419515, 0.008429271355917492, 0.012388341291357354, 0.012450385945142242, 0.012119190818713543, 0.006444156963114838, 0.0064375833781509266, 0.006132094032549445, 0.006100812346044246, 0.008563759250279433, 0.008583971210787446, 0.008500990460103773, 0.012449804221844066, 0.012489227538435394, 0.01217483982175569, 0.006451050219872807, 0.006365537015541094, 0.0061349779964382884, 0.005979258518206648, 0.008577090527265751, 0.008710611885835053, 0.008497238724214958, 0.01312173894034928, 0.01258506341515982, 0.012451604509297377, 0.006503229055174819, 0.006460268528140926, 0.006164782456266316, 0.00609928883207144, 0.008730302793356267, 0.008975115728155122, 0.012770909569742552, 0.013020798044448882, 0.0063940174686749045, 0.006554586885691042, 0.006045528686017782, 0.006393039805365736, 0.008454049147812505, 0.008934777016331856, 0.011298254701003723, 0.012440506418089086, 0.005906825531050475, 0.006493867529613046, 0.005906825531050475, 0.0059068255310504745]
------------------------------------------------------
DR
[1.0, 1.0, 1.0, 1.0, 1.0, 1.0, 1.0, 1.0, 1.0, 1.0, 1.0, 1.0, 1.0, 1.0, 1.0, 1.0, 1.0, 1.0, 1.0, 1.0, 1.0, 1.0, 1.0, 1.0, 1.0, 1.0, 1.0, 1.0, 1.0, 1.0, 1.0, 1.0, 1.0, 1.0, 1.0, 1.0, 1.0, 1.0, 1.0, 1.0, 1.0, 1.0, 1.0, 1.0, 1.0, 1.0]
------------------------------------------------------
DRup
[0.0, 0.0, 0.0, 0.0, 0.0, 0.0, 0.0, 0.0, 0.0, 0.0, 0.0, 0.0, 0.0, 0.0, 0.0, 0.0, 0.0, 0.0, 0.0, 0.0, 0.0, 0.0, 0.0, 0.0, 0.0, 0.0, 0.0, 0.0, 0.0, 0.0, 0.0, 0.0, 0.0, 0.0, 0.0, 0.0, 0.0, 0.0, 0.0, 0.0, 0.0, 0.0, 0.0, 0.0, 0.0, 0.0]
------------------------------------------------------
DRlow
[0.0, 0.0, 0.0, 0.0, 0.0, 0.0, 0.0, 0.0, 0.0, 0.0, 0.0, 0.0, 0.0, 0.0, 0.0, 0.0, 0.0, 0.0, 0.0, 0.0, 0.0, 0.0, 0.0, 0.0, 0.0, 0.0, 0.0, 0.0, 0.0, 0.0, 0.0, 0.0, 0.0, 0.0, 0.0, 0.0, 0.0, 0.0, 0.0, 0.0, 0.0, 0.0, 0.0, 0.0, 0.0, 0.0]
------------------------------------------------------
Yield
[9341.530054525552, 782.6653870762608, 54.98370204025694, 7021.033030258586, 1965.6270912502562, 95.64071690942251, 1879.360234844818, 65.48629109583449, 266.7954843714046, 11.433284160394505, 6041.385580607429, 2164.6934439240936, 199.09270840355993, 3984.3195733228436, 4086.316375764342, 346.42799503320873, 1930.6884623897513, 241.13973870505367, 339.9832628685742, 32.4422734622816, 380.33239832672615, 658.149840638688, 114.48189718938563, 194.17135907441755, 971.9438512407131, 187.35234541438052, 292.3168067721377, 126.99755343939461, 64.41884453563378, 16.18625777980786, 56.787270870283116, 26.961620831456386, 74.55279059584781, 46.247330576730796, 20.188881665594096, 27.793697130081515, 5.763463186007818, 3.8866206278428663, 2.2449197648425363, 3.371126971163611, 2.6492220735299044, 5.5363118328901955, 0.691754767609102, 3.258108164025406, 0.3685968381960188, 0.5755112327131136]
------------------------------------------------------
YstatUp
[0.01548762063662755, 0.05437349491629394, 0.21541584978735429, 0.01797052451457077, 0.034229771574016236, 0.1581630814925335, 0.03550295365349208, 0.1900453575193021, 0.09629366134393823, 0.4184547304330563, 0.019710214735336563, 0.033185480984916284, 0.10850387395839223, 0.024312251091046344, 0.02440744225377285, 0.08243003730859162, 0.035607215485445765, 0.09876164432634144, 0.08539089717943621, 0.262584324485063, 0.08200442430422146, 0.06119603977592801, 0.14023915476464713, 0.1150883761824262, 0.04993088617542909, 0.11267052118187307, 0.09369641267687441, 0.1346464626455624, 0.20775187885555113, 0.3950034136467728, 0.21483126616108195, 0.28541307712802916, 0.1807791130094741, 0.21443260135952397, 0.34117728696381555, 0.2845347189842981, 0.7366893265655745, 0.8091813985214382, 1.058705550614641, 0.8029723380716833, 0.9646912289286415, 0.5856121464071175, 2.8926149639547813, 0.8311290066993139, 5.326151503013443, 3.4741457651701655]
------------------------------------------------------
YstatLow
[0.01548762063662755, 0.05437349491629394, 0.21541584978735429, 0.01797052451457077, 0.034229771574016236, 0.1581630814925335, 0.03550295365349208, 0.1900453575193021, 0.09629366134393823, 0.4184547304330563, 0.019710214735336563, 0.033185480984916284, 0.10850387395839223, 0.024312251091046344, 0.02440744225377285, 0.08243003730859162, 0.035607215485445765, 0.09876164432634144, 0.08539089717943621, 0.262584324485063, 0.08200442430422146, 0.06119603977592801, 0.14023915476464713, 0.1150883761824262, 0.04993088617542909, 0.11267052118187307, 0.09369641267687441, 0.1346464626455624, 0.20775187885555113, 0.3950034136467728, 0.21483126616108195, 0.28541307712802916, 0.1807791130094741, 0.21443260135952397, 0.34117728696381555, 0.2845347189842981, 0.7366893265655745, 0.8091813985214382, 1.058705550614641, 0.8029723380716833, 0.9646912289286415, 0.5856121464071175, 2.8926149639547813, 0.8311290066993139, 5.326151503013443, 3.4741457651701655]
------------------------------------------------------
YsysUp
[0.022219480673812523, 0.031237661824200534, 0.04316369721008937, 0.02331088244720831, 0.0240922488211744, 0.03712356956938457, 0.02195253262797592, 0.04120422809963859, 0.026531273744830688, 0.09245169926420176, 0.022563990221318, 0.023902008001777077, 0.029153334116042328, 0.024050013780902265, 0.02427411757946711, 0.027158598848155784, 0.021884753231689903, 0.02710704708205371, 0.026491208672638517, 0.05971927812688075, 0.039043434356785936, 0.0356229420087267, 0.036450346876612146, 0.04437398276813873, 0.028857587691533057, 0.032331626788533255, 0.029142389015598947, 0.033168830651746875, 0.044757064766353945, 0.08695227079574107, 0.08850866388197262, 0.06653720410693899, 0.06113135933448852, 0.05032417070763997, 0.0759857800155384, 0.06199551365423037, 0.1257542145441963, 0.15238523665939083, 0.23927684528348037, 0.1627061848067122, 0.19478397092566266, 0.1354360922471217, 0.3997010603234174, 0.16462330757208524, 0.44629218344968474, 0.4085568446204479]
------------------------------------------------------
YsysLow
[0.022219480673812523, 0.031237661824200534, 0.04316369721008937, 0.02331088244720831, 0.0240922488211744, 0.03712356956938457, 0.02195253262797592, 0.04120422809963859, 0.040048826281467255, 0.09245169926420176, 0.022563990221318, 0.023902008001777077, 0.029153334116042328, 0.024050013780902265, 0.02427411757946711, 0.027158598848155784, 0.021884753231689903, 0.02710704708205371, 0.026491208672638517, 0.05971927812688075, 0.039043434356785936, 0.0356229420087267, 0.036450346876612146, 0.04437398276813873, 0.028857587691533057, 0.032331626788533255, 0.029142389015598947, 0.033168830651746875, 0.044757064766353945, 0.08695227079574107, 0.08850866388197262, 0.06653720410693899, 0.06113135933448852, 0.05032417070763997, 0.0759857800155384, 0.06199551365423037, 0.1257542145441963, 0.15238523665939083, 0.23927684528348037, 0.1627061848067122, 0.19478397092566266, 0.1354360922471217, 0.3997010603234174, 0.16462330757208524, 0.44629218344968474, 0.4085568446204479]
------------------------------------------------------