 binIndex : nMCGJ( nMCerr)|nMCEBt |nMCECt |Nobs |nEB| pEB(pEBerr) |nEC| pEC(pECerr) | trigW(trigWsysErr,trigWerr) | SF(SFerr) | ZJetsHisto_Rzg | GJetsHisto_Rzg | ZgR(REr1) |f(fsysErr,+ferrUp-ferrDn) |purity(pErr)| DR(+DRup-DRlow) |Yield(+YstatUp-YstatLow,+YsysUp-YsysLow)
 1 : 25888.458( 0.015)|19219.572 |6668.958 |39635.0 |28392.0| 0.972(0.007) |11243.0| 0.897(0.029) | 0.987(0.01,0.002) | 1.012(0.014) | 12268.143 | 25912.041 | 0.385(0.006) |0.981(0.005,+0.006-0.006) |0.951(0.013)| 1.0(+0.0-0.0) |14243.297(+0.014-0.014,+0.024-0.024)
 2 : 2243.476( 0.018)|1651.408 |592.042 |2848.0 |2059.0| 0.972(0.007) |789.0| 0.897(0.029) | 0.987(0.01,0.002) | 1.012(0.014) | 1029.608 | 2245.33 | 0.373(0.013) |0.98(0.005,+0.019-0.019) |0.951(0.013)| 1.0(+0.0-0.0) |990.384(+0.054-0.054,+0.032-0.032)
 3 : 163.747( 0.033)|130.473 |33.275 |153.0 |128.0| 0.972(0.007) |25.0| 0.897(0.029) | 0.987(0.01,0.002) | 1.012(0.014) | 72.395 | 163.855 | 0.359(0.036) |0.978(0.005,+0.003-0.003) |0.96(0.01)| 1.0(+0.0-0.0) |51.621(+0.24-0.24,+0.042-0.042)
 4 : 19098.072( 0.015)|14759.547 |4338.963 |27321.0 |20605.0| 0.979(0.01) |6716.0| 0.932(0.041) | 0.988(0.01,0.001) | 1.012(0.014) | 9126.729 | 19109.357 | 0.388(0.006) |0.983(0.005,+0.003-0.003) |0.968(0.017)| 1.0(+0.0-0.0) |10093.035(+0.016-0.016,+0.026-0.026)
 5 : 5353.713( 0.016)|4187.125 |1166.605 |7180.0 |5531.0| 0.979(0.01) |1649.0| 0.932(0.041) | 0.988(0.01,0.001) | 1.012(0.014) | 2530.289 | 5355.895 | 0.384(0.009) |0.992(0.005,+0.003-0.003) |0.968(0.017)| 1.0(+0.0-0.0) |2651.405(+0.032-0.032,+0.026-0.026)
 6 : 258.941( 0.028)|214.361 |44.58 |259.0 |215.0| 0.979(0.01) |44.0| 0.932(0.041) | 0.988(0.01,0.001) | 1.012(0.014) | 123.398 | 259.043 | 0.387(0.029) |0.99(0.005,+0.002-0.002) |0.971(0.015)| 1.0(+0.0-0.0) |96.453(+0.167-0.167,+0.037-0.037)
 7 : 4968.352( 0.016)|4231.898 |736.497 |6344.0 |5361.0| 0.987(0.006) |983.0| 0.963(0.022) | 0.987(0.01,0.002) | 1.012(0.014) | 2405.659 | 4974.282 | 0.393(0.008) |0.987(0.005,+0.006-0.006) |0.983(0.008)| 1.0(+0.0-0.0) |2423.093(+0.033-0.033,+0.022-0.022)
 8 : 169.329( 0.033)|147.348 |21.98 |172.0 |149.0| 0.987(0.006) |23.0| 0.963(0.022) | 0.987(0.01,0.002) | 1.012(0.014) | 83.273 | 169.568 | 0.399(0.035) |0.993(0.005,+0.002-0.002) |0.984(0.008)| 1.0(+0.0-0.0) |67.196(+0.195-0.195,+0.041-0.041)
 9 : 692.297( 0.02)|650.97 |41.327 |770.0 |713.0| 0.987(0.006) |57.0| 0.963(0.022) | 0.978(0.01,0.005) | 1.012(0.014) | 336.665 | 698.492 | 0.392(0.017) |1.0(0.005,+0.0-0.03) |0.985(0.007)| 1.0(+0.0-0.0) |300.207(+0.092-0.092,+0.027-0.04)
 10 : 23.626( 0.08)|22.658 |0.968 |26.0 |26.0| 0.987(0.006) |0.0| 0.963(0.022) | 0.978(0.01,0.005) | 1.012(0.014) | 15.127 | 23.847 | 0.516(0.09) |0.954(0.005,+0.005-0.005) |0.987(0.006)| 1.0(+0.0-0.0) |12.747(+0.421-0.421,+0.092-0.092)
 11 : 17609.394( 0.016)|12967.856 |4641.671 |26255.0 |18747.0| 0.972(0.007) |7508.0| 0.897(0.029) | 0.987(0.01,0.002) | 1.012(0.014) | 8315.418 | 17625.648 | 0.384(0.007) |0.936(0.005,+0.006-0.006) |0.951(0.013)| 1.0(+0.0-0.0) |8970.772(+0.018-0.018,+0.024-0.024)
 12 : 6443.691( 0.016)|4707.575 |1736.273 |7771.0 |5707.0| 0.972(0.007) |2064.0| 0.897(0.029) | 0.987(0.01,0.002) | 1.012(0.014) | 2902.327 | 6448.715 | 0.366(0.008) |0.961(0.005,+0.01-0.01) |0.952(0.012)| 1.0(+0.0-0.0) |2604.393(+0.034-0.034,+0.025-0.025)
 13 : 569.462( 0.022)|430.157 |139.305 |514.0 |399.0| 0.972(0.007) |115.0| 0.897(0.029) | 0.987(0.01,0.002) | 1.012(0.014) | 263.776 | 569.917 | 0.376(0.019) |0.972(0.005,+0.004-0.004) |0.955(0.012)| 1.0(+0.0-0.0) |179.78(+0.126-0.126,+0.029-0.029)
 14 : 11288.957( 0.016)|8679.089 |2610.09 |15241.0 |11352.0| 0.979(0.01) |3889.0| 0.932(0.041) | 0.988(0.01,0.001) | 1.012(0.014) | 5412.771 | 11294.972 | 0.39(0.008) |0.94(0.005,+0.005-0.005) |0.967(0.017)| 1.0(+0.0-0.0) |5403.195(+0.023-0.023,+0.027-0.027)
 15 : 11845.829( 0.015)|9186.701 |2659.437 |14656.0 |11145.0| 0.979(0.01) |3511.0| 0.932(0.041) | 0.988(0.01,0.001) | 1.012(0.014) | 5494.694 | 11852.894 | 0.377(0.006) |0.95(0.005,+0.008-0.008) |0.968(0.017)| 1.0(+0.0-0.0) |5082.356(+0.024-0.024,+0.027-0.027)
 16 : 954.18( 0.019)|762.291 |191.891 |851.0 |700.0| 0.979(0.01) |151.0| 0.932(0.041) | 0.988(0.01,0.001) | 1.012(0.014) | 453.002 | 954.619 | 0.386(0.015) |0.977(0.005,+0.003-0.003) |0.971(0.015)| 1.0(+0.0-0.0) |311.416(+0.094-0.094,+0.028-0.028)
 17 : 5300.363( 0.016)|4488.756 |811.625 |6038.0 |5039.0| 0.987(0.006) |999.0| 0.963(0.022) | 0.987(0.01,0.002) | 1.012(0.014) | 2565.297 | 5306.491 | 0.393(0.007) |0.95(0.005,+0.007-0.007) |0.983(0.009)| 1.0(+0.0-0.0) |2220.293(+0.035-0.035,+0.022-0.022)
 18 : 625.829( 0.021)|544.242 |81.591 |570.0 |486.0| 0.987(0.006) |84.0| 0.963(0.022) | 0.987(0.01,0.002) | 1.012(0.014) | 309.534 | 626.719 | 0.402(0.018) |0.984(0.005,+0.002-0.002) |0.984(0.008)| 1.0(+0.0-0.0) |221.776(+0.108-0.108,+0.027-0.027)
 19 : 882.61( 0.019)|831.0 |51.609 |829.0 |773.0| 0.987(0.006) |56.0| 0.963(0.022) | 0.978(0.01,0.005) | 1.012(0.014) | 441.551 | 890.533 | 0.403(0.015) |0.972(0.005,+0.008-0.008) |0.985(0.007)| 1.0(+0.0-0.0) |323.104(+0.089-0.089,+0.027-0.027)
 20 : 74.733( 0.047)|72.847 |1.887 |64.0 |63.0| 0.987(0.006) |1.0| 0.963(0.022) | 0.978(0.01,0.005) | 1.012(0.014) | 44.244 | 75.459 | 0.477(0.052) |0.925(0.005,+0.021-0.021) |0.987(0.006)| 1.0(+0.0-0.0) |28.132(+0.284-0.284,+0.059-0.059)
 21 : 1194.972( 0.027)|888.149 |306.821 |1652.0 |1126.0| 0.972(0.007) |526.0| 0.897(0.029) | 0.987(0.01,0.002) | 1.012(0.014) | 567.788 | 1195.959 | 0.386(0.026) |0.863(0.005,+0.018-0.018) |0.948(0.014)| 1.0(+0.0-0.0) |522.372(+0.078-0.078,+0.039-0.039)
 22 : 2031.306( 0.019)|1456.225 |575.061 |2498.0 |1715.0| 0.972(0.007) |783.0| 0.897(0.029) | 0.987(0.01,0.002) | 1.012(0.014) | 944.996 | 2033.122 | 0.378(0.014) |0.898(0.005,+0.025-0.025) |0.949(0.013)| 1.0(+0.0-0.0) |805.092(+0.062-0.062,+0.037-0.037)
 23 : 314.233( 0.026)|237.706 |76.528 |279.0 |220.0| 0.972(0.007) |59.0| 0.897(0.029) | 0.987(0.01,0.002) | 1.012(0.014) | 150.012 | 314.481 | 0.388(0.026) |0.983(0.005,+0.012-0.012) |0.956(0.011)| 1.0(+0.0-0.0) |101.784(+0.164-0.164,+0.036-0.036)
 24 : 595.471( 0.033)|449.877 |145.593 |794.0 |580.0| 0.979(0.01) |214.0| 0.932(0.041) | 0.987(0.01,0.001) | 1.012(0.014) | 275.722 | 595.791 | 0.376(0.034) |0.901(0.005,+0.011-0.011) |0.966(0.018)| 1.0(+0.0-0.0) |260.16(+0.108-0.108,+0.044-0.044)
 25 : 2836.617( 0.017)|2166.97 |669.604 |3388.0 |2498.0| 0.979(0.01) |890.0| 0.932(0.041) | 0.988(0.01,0.001) | 1.012(0.014) | 1356.173 | 2837.979 | 0.389(0.011) |0.916(0.005,+0.014-0.014) |0.967(0.018)| 1.0(+0.0-0.0) |1165.945(+0.05-0.05,+0.031-0.031)
 26 : 525.975( 0.022)|412.12 |113.857 |486.0 |403.0| 0.979(0.01) |83.0| 0.932(0.041) | 0.988(0.01,0.001) | 1.012(0.014) | 250.405 | 526.236 | 0.387(0.02) |0.956(0.005,+0.01-0.01) |0.971(0.015)| 1.0(+0.0-0.0) |174.611(+0.126-0.126,+0.032-0.032)
 27 : 852.693( 0.021)|708.012 |144.685 |899.0 |734.0| 0.987(0.006) |165.0| 0.963(0.022) | 0.987(0.01,0.002) | 1.012(0.014) | 408.01 | 853.743 | 0.389(0.017) |0.905(0.005,+0.012-0.012) |0.983(0.009)| 1.0(+0.0-0.0) |311.019(+0.096-0.096,+0.029-0.029)
 28 : 325.709( 0.026)|277.411 |48.298 |318.0 |266.0| 0.987(0.006) |52.0| 0.963(0.022) | 0.987(0.01,0.002) | 1.012(0.014) | 165.207 | 326.14 | 0.412(0.025) |0.971(0.005,+0.006-0.006) |0.983(0.008)| 1.0(+0.0-0.0) |125.175(+0.142-0.142,+0.033-0.033)
 29 : 189.419( 0.032)|175.984 |13.436 |154.0 |139.0| 0.987(0.006) |15.0| 0.963(0.022) | 0.979(0.01,0.006) | 1.012(0.014) | 88.085 | 191.066 | 0.375(0.033) |0.923(0.005,+0.021-0.021) |0.985(0.007)| 1.0(+0.0-0.0) |52.966(+0.234-0.234,+0.045-0.045)
 30 : 42.085( 0.061)|40.472 |1.613 |43.0 |40.0| 0.987(0.006) |3.0| 0.963(0.022) | 0.978(0.01,0.005) | 1.012(0.014) | 23.218 | 42.481 | 0.444(0.069) |0.88(0.005,+0.049-0.049) |0.985(0.007)| 1.0(+0.0-0.0) |16.726(+0.392-0.392,+0.087-0.087)
 31 : 192.22( 0.041)|133.271 |58.949 |268.0 |187.0| 0.972(0.007) |81.0| 0.897(0.029) | 0.987(0.01,0.002) | 1.012(0.014) | 89.81 | 192.407 | 0.379(0.044) |0.816(0.005,+0.071-0.071) |0.949(0.013)| 1.0(+0.0-0.0) |78.832(+0.208-0.208,+0.087-0.087)
 32 : 75.626( 0.047)|51.365 |24.261 |68.0 |53.0| 0.972(0.007) |15.0| 0.897(0.029) | 0.987(0.01,0.002) | 1.012(0.014) | 37.26 | 75.703 | 0.4(0.052) |0.935(0.005,+0.026-0.026) |0.956(0.011)| 1.0(+0.0-0.0) |24.333(+0.339-0.339,+0.063-0.063)
 33 : 223.464( 0.036)|165.921 |57.544 |278.0 |188.0| 0.979(0.01) |90.0| 0.932(0.041) | 0.987(0.01,0.001) | 1.012(0.014) | 112.254 | 223.59 | 0.408(0.038) |0.849(0.005,+0.04-0.04) |0.964(0.019)| 1.0(+0.0-0.0) |92.898(+0.179-0.179,+0.061-0.061)
 34 : 117.17( 0.038)|88.952 |28.218 |125.0 |97.0| 0.979(0.01) |28.0| 0.932(0.041) | 0.988(0.01,0.001) | 1.012(0.014) | 59.491 | 117.232 | 0.413(0.042) |0.994(0.005,+0.006-0.006) |0.969(0.016)| 1.0(+0.0-0.0) |49.678(+0.225-0.225,+0.049-0.049)
 35 : 51.763( 0.061)|45.372 |6.391 |69.0 |55.0| 0.987(0.006) |14.0| 0.963(0.022) | 0.987(0.01,0.002) | 1.012(0.014) | 28.19 | 51.838 | 0.442(0.068) |0.904(0.005,+0.021-0.021) |0.982(0.009)| 1.0(+0.0-0.0) |27.138(+0.306-0.306,+0.074-0.074)
 36 : 71.136( 0.048)|58.659 |12.477 |70.0 |55.0| 0.987(0.006) |15.0| 0.963(0.022) | 0.987(0.01,0.002) | 1.012(0.014) | 36.2 | 71.221 | 0.413(0.053) |0.97(0.005,+0.019-0.019) |0.982(0.009)| 1.0(+0.0-0.0) |27.582(+0.303-0.303,+0.06-0.06)
 37 : 19.199( 0.089)|17.959 |1.239 |12.0 |12.0| 0.987(0.006) |0.0| 0.963(0.022) | 0.979(0.01,0.005) | 1.012(0.014) | 8.547 | 19.368 | 0.359(0.106) |0.851(0.005,+0.063-0.063) |0.987(0.006)| 1.0(+0.0-0.0) |3.652(+1.053-1.053,+0.124-0.124)
 38 : 10.131( 0.124)|9.46 |0.671 |4.0 |4.0| 0.987(0.006) |0.0| 0.963(0.022) | 0.979(0.01,0.006) | 1.012(0.014) | 5.575 | 10.22 | 0.443(0.142) |0.88(0.005,+0.049-0.049) |0.987(0.006)| 1.0(+0.0-0.0) |1.555(+1.676-1.676,+0.152-0.152)
 39 : 7.37( 0.178)|5.237 |2.133 |9.0 |5.0| 0.972(0.007) |4.0| 0.897(0.029) | 0.987(0.01,0.002) | 1.012(0.014) | 3.544 | 7.377 | 0.391(0.204) |0.816(0.005,+0.071-0.071) |0.939(0.016)| 1.0(+0.0-0.0) |2.694(+1.114-1.114,+0.218-0.218)
 40 : 9.872( 0.122)|6.39 |3.482 |9.0 |4.0| 0.972(0.007) |5.0| 0.897(0.029) | 0.987(0.01,0.002) | 1.012(0.014) | 4.657 | 9.883 | 0.383(0.144) |0.935(0.005,+0.026-0.026) |0.931(0.019)| 1.0(+0.0-0.0) |3.003(+0.999-0.999,+0.149-0.149)
 41 : 7.984( 0.153)|6.312 |1.673 |9.0 |4.0| 0.979(0.01) |5.0| 0.932(0.041) | 0.988(0.01,0.001) | 1.012(0.014) | 3.98 | 7.988 | 0.405(0.179) |0.849(0.005,+0.04-0.04) |0.953(0.027)| 1.0(+0.0-0.0) |2.951(+1.017-1.017,+0.186-0.186)
 42 : 13.688( 0.104)|9.726 |3.962 |14.0 |11.0| 0.979(0.01) |3.0| 0.932(0.041) | 0.987(0.01,0.001) | 1.012(0.014) | 7.115 | 13.696 | 0.422(0.121) |0.994(0.005,+0.006-0.006) |0.969(0.016)| 1.0(+0.0-0.0) |5.699(+0.657-0.657,+0.124-0.124)
 43 : 1.349( 0.335)|1.23 |0.119 |2.0 |2.0| 0.987(0.006) |0.0| 0.963(0.022) | 0.986(0.01,0.002) | 1.012(0.014) | 0.965 | 1.351 | 0.581(0.381) |0.904(0.005,+0.021-0.021) |0.987(0.006)| 1.0(+0.0-0.0) |1.039(+2.106-2.106,+0.382-0.382)
 44 : 8.436( 0.132)|6.929 |1.507 |9.0 |9.0| 0.987(0.006) |0.0| 0.963(0.022) | 0.987(0.01,0.002) | 1.012(0.014) | 4.244 | 8.446 | 0.408(0.155) |0.97(0.005,+0.019-0.019) |0.987(0.006)| 1.0(+0.0-0.0) |3.524(+0.974-0.974,+0.157-0.157)
 45 : 1.078( 0.376)|1.078 |0.0 |0.0 |0.0| 0.987(0.006) |0.0| 0.963(0.022) | 0.978(0.01,0.005) | 1.012(0.014) | 0.546 | 1.089 | 0.408(0.441) |0.851(0.005,+0.063-0.063) |1.0(0.0)| 1.0(+0.0-0.0) |0.0(+0.963-0.963,+0.446-0.446)
 46 : 1.324( 0.34)|1.223 |0.101 |0.0 |0.0| 0.987(0.006) |0.0| 0.963(0.022) | 0.978(0.01,0.005) | 1.012(0.014) | 0.744 | 1.336 | 0.453(0.391) |0.977(0.005,+0.003-0.003) |1.0(0.0)| 1.0(+0.0-0.0) |0.0(+1.069-1.069,+0.392-0.392)

binIndex
[1, 2, 3, 4, 5, 6, 7, 8, 9, 10, 11, 12, 13, 14, 15, 16, 17, 18, 19, 20, 21, 22, 23, 24, 25, 26, 27, 28, 29, 30, 31, 32, 33, 34, 35, 36, 37, 38, 39, 40, 41, 42, 43, 44, 45, 46]
------------------------------------------------------
nMCGJ
[25888.457607332548, 2243.4757328628934, 163.7471784427999, 19098.0716625999, 5353.713067868421, 258.9412073059937, 4968.351598569455, 169.3286674865814, 692.2970053869399, 23.626407030919694, 17609.39355414692, 6443.690990024798, 569.4620548427137, 11288.956835972434, 11845.829367806935, 954.179963539621, 5300.363141790747, 625.8294511381608, 882.6101313596033, 74.7331969314744, 1194.9717024449888, 2031.305576471509, 314.2330734850755, 595.4709098020728, 2836.6167160736964, 525.9752602228735, 852.6926557461779, 325.7091835261647, 189.41947369298578, 42.084716028710346, 192.21977772756307, 75.62649401116542, 223.4639716218885, 117.17016710355459, 51.76296203257736, 71.13646503098062, 19.19861526580249, 10.13055747393588, 7.369889124835246, 9.871701622731049, 7.984131249727774, 13.687877619379403, 1.3485840735618375, 8.436029606768583, 1.0781581619194234, 1.3243335907716098]
------------------------------------------------------
nMCerr
[0.015334963338163112, 0.018068966476929856, 0.03333832514282888, 0.015345296188396442, 0.01618786226838919, 0.028052872406583416, 0.01603393297100329, 0.033137358811243696, 0.02049410164950659, 0.07950115757476778, 0.015597848591951539, 0.01575022347537245, 0.02161129394234123, 0.01587062391810031, 0.015136194181626643, 0.019021953492438164, 0.015639963725511893, 0.021075029446174388, 0.019338606871460495, 0.047323197803650484, 0.02667534997711478, 0.0185600583529655, 0.02611119601449298, 0.033213253760426685, 0.01727401899268349, 0.022102764284819543, 0.020553108654524345, 0.02579325982487366, 0.0315755413510299, 0.06097571555899549, 0.04117907084003521, 0.04663708045397072, 0.036108387250781124, 0.03837570298809206, 0.061477186024577773, 0.04763084121887326, 0.08918533471620406, 0.12357904994259991, 0.1780102310115989, 0.12152867685408589, 0.15262711090070377, 0.10436687661148931, 0.3346620796611781, 0.13233922485003605, 0.37602533752668027, 0.3401286326078027]
------------------------------------------------------
nMCEBt
[19219.57155538528, 1651.4082566728794, 130.47253787645784, 14759.546596062848, 4187.125118381077, 214.36147777043806, 4231.897860500731, 147.3482591246409, 650.9698266864675, 22.658027623597185, 12967.856089044988, 4707.575258253717, 430.1565426873512, 8679.089166319713, 9186.700710776047, 762.290738008412, 4488.756252301881, 544.2417438539132, 831.0004998952143, 72.84662941930324, 888.1485331006457, 1456.2253079950808, 237.70634827273884, 449.87690619454304, 2166.969732797609, 412.1203213085839, 708.0116087654313, 277.410942546836, 175.9838643163615, 40.471965236750655, 133.27098869371304, 51.365280899599234, 165.9206626051282, 88.95168252234717, 45.37165176685773, 58.65942459247993, 17.959249155554158, 9.459904185932148, 5.237380852281406, 6.389751439690878, 6.311520573046516, 9.725977932519665, 1.2297280529994874, 6.928629876092864, 1.0781581619194234, 1.2233702869325154]
------------------------------------------------------
nMCECt
[6668.958203875012, 592.0420253387904, 33.274764114163524, 4338.963414207642, 1166.6047519910637, 44.57982605729118, 736.4973504497038, 21.980481718459494, 41.32684280483265, 0.9683785627573233, 4641.671390940414, 1736.2726375043533, 139.3054812684071, 2610.0903028270177, 2659.4370323932867, 191.89126407026336, 811.6249892447121, 81.59056432761923, 51.60886315137433, 1.8865530339108232, 306.82134701397626, 575.0609950162784, 76.52836994271006, 145.59323143364549, 669.6041739559464, 113.8566763055291, 144.68541748493124, 48.29821395324276, 13.435604550537489, 1.6127512745683639, 58.948966633843405, 24.261160989828994, 57.54359472109747, 28.218413155123123, 6.391316057023765, 12.47697866458995, 1.2393652656831473, 0.6706544945254269, 2.1325085138581783, 3.481951389561864, 1.6726109179855972, 3.961902341207465, 0.11885596777702599, 1.5074006958930741, 0.0, 0.10096333400213683]
------------------------------------------------------
Nobs
[39635.0, 2848.0, 153.0, 27321.0, 7180.0, 259.0, 6344.0, 172.0, 770.0, 26.0, 26255.0, 7771.0, 514.0, 15241.0, 14656.0, 851.0, 6038.0, 570.0, 829.0, 64.0, 1652.0, 2498.0, 279.0, 794.0, 3388.0, 486.0, 899.0, 318.0, 154.0, 43.0, 268.0, 68.0, 278.0, 125.0, 69.0, 70.0, 12.0, 4.0, 9.0, 9.0, 9.0, 14.0, 2.0, 9.0, 0.0, 0.0]
------------------------------------------------------
nEB
[28392.0, 2059.0, 128.0, 20605.0, 5531.0, 215.0, 5361.0, 149.0, 713.0, 26.0, 18747.0, 5707.0, 399.0, 11352.0, 11145.0, 700.0, 5039.0, 486.0, 773.0, 63.0, 1126.0, 1715.0, 220.0, 580.0, 2498.0, 403.0, 734.0, 266.0, 139.0, 40.0, 187.0, 53.0, 188.0, 97.0, 55.0, 55.0, 12.0, 4.0, 5.0, 4.0, 4.0, 11.0, 2.0, 9.0, 0.0, 0.0]
------------------------------------------------------
pEB
[0.972149898335, 0.972149898335, 0.972149898335, 0.979047147226, 0.979047147226, 0.979047147226, 0.987103486324, 0.987103486324, 0.987103486324, 0.987103486324, 0.972149898335, 0.972149898335, 0.972149898335, 0.979047147226, 0.979047147226, 0.979047147226, 0.987103486324, 0.987103486324, 0.987103486324, 0.987103486324, 0.972149898335, 0.972149898335, 0.972149898335, 0.979047147226, 0.979047147226, 0.979047147226, 0.987103486324, 0.987103486324, 0.987103486324, 0.987103486324, 0.972149898335, 0.972149898335, 0.979047147226, 0.979047147226, 0.987103486324, 0.987103486324, 0.987103486324, 0.987103486324, 0.972149898335, 0.972149898335, 0.979047147226, 0.979047147226, 0.987103486324, 0.987103486324, 0.987103486324, 0.987103486324]
------------------------------------------------------
pEBerr
[0.006888687764921506, 0.006888687764921506, 0.006888687764921506, 0.009606159657354079, 0.009606159657354079, 0.009606159657354079, 0.005861280820591636, 0.005861280820591636, 0.005861280820591636, 0.005861280820591636, 0.006888687764921506, 0.006888687764921506, 0.006888687764921506, 0.009606159657354079, 0.009606159657354079, 0.009606159657354079, 0.005861280820591636, 0.005861280820591636, 0.005861280820591636, 0.005861280820591636, 0.006888687764921506, 0.006888687764921506, 0.006888687764921506, 0.009606159657354079, 0.009606159657354079, 0.009606159657354079, 0.005861280820591636, 0.005861280820591636, 0.005861280820591636, 0.005861280820591636, 0.006888687764921506, 0.006888687764921506, 0.009606159657354079, 0.009606159657354079, 0.005861280820591636, 0.005861280820591636, 0.005861280820591636, 0.005861280820591636, 0.006888687764921506, 0.006888687764921506, 0.009606159657354079, 0.009606159657354079, 0.005861280820591636, 0.005861280820591636, 0.005861280820591636, 0.005861280820591636]
------------------------------------------------------
nEC
[11243.0, 789.0, 25.0, 6716.0, 1649.0, 44.0, 983.0, 23.0, 57.0, 0.0, 7508.0, 2064.0, 115.0, 3889.0, 3511.0, 151.0, 999.0, 84.0, 56.0, 1.0, 526.0, 783.0, 59.0, 214.0, 890.0, 83.0, 165.0, 52.0, 15.0, 3.0, 81.0, 15.0, 90.0, 28.0, 14.0, 15.0, 0.0, 0.0, 4.0, 5.0, 5.0, 3.0, 0.0, 0.0, 0.0, 0.0]
------------------------------------------------------
pEC
[0.897197125271, 0.897197125271, 0.897197125271, 0.932232243907, 0.932232243907, 0.932232243907, 0.962985609828, 0.962985609828, 0.962985609828, 0.962985609828, 0.897197125271, 0.897197125271, 0.897197125271, 0.932232243907, 0.932232243907, 0.932232243907, 0.962985609828, 0.962985609828, 0.962985609828, 0.962985609828, 0.897197125271, 0.897197125271, 0.897197125271, 0.932232243907, 0.932232243907, 0.932232243907, 0.962985609828, 0.962985609828, 0.962985609828, 0.962985609828, 0.897197125271, 0.897197125271, 0.932232243907, 0.932232243907, 0.962985609828, 0.962985609828, 0.962985609828, 0.962985609828, 0.897197125271, 0.897197125271, 0.932232243907, 0.932232243907, 0.962985609828, 0.962985609828, 0.962985609828, 0.962985609828]
------------------------------------------------------
pECerr
[0.028935670787463157, 0.028935670787463157, 0.028935670787463157, 0.04078428875829888, 0.04078428875829888, 0.04078428875829888, 0.02215366292348899, 0.02215366292348899, 0.02215366292348899, 0.02215366292348899, 0.028935670787463157, 0.028935670787463157, 0.028935670787463157, 0.04078428875829888, 0.04078428875829888, 0.04078428875829888, 0.02215366292348899, 0.02215366292348899, 0.02215366292348899, 0.02215366292348899, 0.028935670787463157, 0.028935670787463157, 0.028935670787463157, 0.04078428875829888, 0.04078428875829888, 0.04078428875829888, 0.02215366292348899, 0.02215366292348899, 0.02215366292348899, 0.02215366292348899, 0.028935670787463157, 0.028935670787463157, 0.04078428875829888, 0.04078428875829888, 0.02215366292348899, 0.02215366292348899, 0.02215366292348899, 0.02215366292348899, 0.028935670787463157, 0.028935670787463157, 0.04078428875829888, 0.04078428875829888, 0.02215366292348899, 0.02215366292348899, 0.02215366292348899, 0.02215366292348899]
------------------------------------------------------
trigW
[0.9871907904582173, 0.9871757732317329, 0.9873721666679083, 0.9875276350957345, 0.9875488071556755, 0.9876445705056858, 0.9867464424404828, 0.9866582633302683, 0.9784837556438741, 0.9783378899336935, 0.9871736331179162, 0.9871578565218848, 0.9872361824668503, 0.9875185966716759, 0.9875367833813463, 0.987582794056401, 0.986770474963261, 0.9866569261674089, 0.978484410968589, 0.9782327761351988, 0.9871992956971912, 0.9871170799295736, 0.9872482537820119, 0.9874907205572667, 0.9875093937294934, 0.9875536384773165, 0.9868532792852652, 0.9867414444400424, 0.9785843213876538, 0.9783158097436107, 0.9870499775376291, 0.9870099143927843, 0.9874704386799719, 0.9875019012942534, 0.9866309466188958, 0.9868826100536571, 0.9785952180945435, 0.9786455552277472, 0.9870912032703522, 0.9869309165432582, 0.9875745151527175, 0.9874264592949097, 0.9864427261297701, 0.986933478506173, 0.978072890487094, 0.9784304093203241]
------------------------------------------------------
trigWsysErr
[0.01, 0.01, 0.01, 0.01, 0.01, 0.01, 0.01, 0.01, 0.01, 0.01, 0.01, 0.01, 0.01, 0.01, 0.01, 0.01, 0.01, 0.01, 0.01, 0.01, 0.01, 0.01, 0.01, 0.01, 0.01, 0.01, 0.01, 0.01, 0.01, 0.01, 0.01, 0.01, 0.01, 0.01, 0.01, 0.01, 0.01, 0.01, 0.01, 0.01, 0.01, 0.01, 0.01, 0.01, 0.01, 0.01]
------------------------------------------------------
trigWerr
[0.0018102701242121294, 0.0018187552721677439, 0.0017072716239710719, 0.001360219912076747, 0.0013515620349240215, 0.0013053981298660757, 0.0021986449323731626, 0.002108000074088783, 0.005412111224145361, 0.005201188308825471, 0.001818495600847496, 0.0018254913994115243, 0.0017892265182408858, 0.0013623125481549588, 0.0013565231027288227, 0.0013355737579431332, 0.002222821169431596, 0.0021089654827603204, 0.005406852444153865, 0.004971891031353966, 0.0018087690093789625, 0.0018476698784243189, 0.001778804216201851, 0.0013702987388923937, 0.001366992287313257, 0.0013503817100042038, 0.0022961598055086636, 0.0021899335804192294, 0.005538986038551084, 0.005162792815941984, 0.001876725042708843, 0.0018869811062535728, 0.0013834822832447604, 0.001369283503639707, 0.0020893921256248693, 0.002316910428766717, 0.005481984795883596, 0.00555009379414108, 0.0018435641952234277, 0.0019340005488045703, 0.0013612712516798112, 0.0014081099179430651, 0.0018097468889005576, 0.002375090477576947, 0.00457811381313531, 0.005188647611146736]
------------------------------------------------------
SF
[1.0121037535160886, 1.0121037535160886, 1.0121037535160886, 1.0121037535160886, 1.0121037535160886, 1.0121037535160886, 1.0121037535160886, 1.0121037535160886, 1.0121037535160886, 1.0121037535160886, 1.0121037535160886, 1.0121037535160886, 1.0121037535160886, 1.0121037535160886, 1.0121037535160886, 1.0121037535160886, 1.0121037535160886, 1.0121037535160886, 1.0121037535160886, 1.0121037535160886, 1.0121037535160886, 1.0121037535160886, 1.0121037535160886, 1.0121037535160886, 1.0121037535160886, 1.0121037535160886, 1.0121037535160886, 1.0121037535160886, 1.0121037535160886, 1.0121037535160886, 1.0121037535160886, 1.0121037535160886, 1.0121037535160886, 1.0121037535160886, 1.0121037535160886, 1.0121037535160886, 1.0121037535160886, 1.0121037535160886, 1.0121037535160886, 1.0121037535160886, 1.0121037535160886, 1.0121037535160886, 1.0121037535160886, 1.0121037535160886, 1.0121037535160886, 1.0121037535160886]
------------------------------------------------------
SFerr
[0.014333100082516856, 0.014333100082516856, 0.014333100082516856, 0.014333100082516856, 0.014333100082516856, 0.014333100082516856, 0.014333100082516856, 0.014333100082516856, 0.014333100082516856, 0.014333100082516856, 0.014333100082516856, 0.014333100082516856, 0.014333100082516856, 0.014333100082516856, 0.014333100082516856, 0.014333100082516856, 0.014333100082516856, 0.014333100082516856, 0.014333100082516856, 0.014333100082516856, 0.014333100082516856, 0.014333100082516856, 0.014333100082516856, 0.014333100082516856, 0.014333100082516856, 0.014333100082516856, 0.014333100082516856, 0.014333100082516856, 0.014333100082516856, 0.014333100082516856, 0.014333100082516856, 0.014333100082516856, 0.014333100082516856, 0.014333100082516856, 0.014333100082516856, 0.014333100082516856, 0.014333100082516856, 0.014333100082516856, 0.014333100082516856, 0.014333100082516856, 0.014333100082516856, 0.014333100082516856, 0.014333100082516856, 0.014333100082516856, 0.014333100082516856, 0.014333100082516856]
------------------------------------------------------
ZJetsHisto_Rzg
[12268.142578125, 1029.6083984375, 72.39533996582031, 9126.728515625, 2530.289306640625, 123.39778900146484, 2405.65869140625, 83.27269744873047, 336.6653137207031, 15.12742805480957, 8315.41796875, 2902.326904296875, 263.7760009765625, 5412.77099609375, 5494.69384765625, 453.0018310546875, 2565.296630859375, 309.53350830078125, 441.5506896972656, 44.243953704833984, 567.7879638671875, 944.9960327148438, 150.01231384277344, 275.7218017578125, 1356.1729736328125, 250.40521240234375, 408.0100402832031, 165.20713806152344, 88.084716796875, 23.218067169189453, 89.80988311767578, 37.25970458984375, 112.2542724609375, 59.491058349609375, 28.18962860107422, 36.19950485229492, 8.546917915344238, 5.574858665466309, 3.5437071323394775, 4.657069683074951, 3.9802558422088623, 7.114800930023193, 0.9654143452644348, 4.243536472320557, 0.5464163422584534, 0.7436253428459167]
------------------------------------------------------
GJetsHisto_Rzg
[25912.041015625, 2245.330322265625, 163.8551483154297, 19109.357421875, 5355.89453125, 259.0428771972656, 4974.2822265625, 169.56813049316406, 698.4918823242188, 23.84743881225586, 17625.6484375, 6448.71484375, 569.9171142578125, 11294.9716796875, 11852.8935546875, 954.6185302734375, 5306.49072265625, 626.7193603515625, 890.5332641601562, 75.45850372314453, 1195.9588623046875, 2033.1220703125, 314.4814453125, 595.79052734375, 2837.978759765625, 526.2357177734375, 853.74267578125, 326.1404113769531, 191.0659942626953, 42.480899810791016, 192.407470703125, 75.70343780517578, 223.5904541015625, 117.23198699951172, 51.83772277832031, 71.22054290771484, 19.368165969848633, 10.219657897949219, 7.37669038772583, 9.882719993591309, 7.987856864929199, 13.696481704711914, 1.3507746458053589, 8.44587230682373, 1.0892274379730225, 1.3356863260269165]
------------------------------------------------------
ZgR
[0.38492143154144287, 0.3728092908859253, 0.35920751094818115, 0.388296902179718, 0.3840900659561157, 0.38728493452072144, 0.39318639039993286, 0.39925768971443176, 0.39186087250709534, 0.5157250761985779, 0.3835604786872864, 0.3659047484397888, 0.3762863576412201, 0.38960936665534973, 0.3768894672393799, 0.3858024477958679, 0.39302942156791687, 0.401540607213974, 0.40311160683631897, 0.4766950309276581, 0.3859800398349762, 0.3778865337371826, 0.3878169357776642, 0.37624645233154297, 0.38850876688957214, 0.386863648891449, 0.38854268193244934, 0.4118310213088989, 0.3748107850551605, 0.44435209035873413, 0.37948715686798096, 0.4001461863517761, 0.40817323327064514, 0.4125726819038391, 0.4421181380748749, 0.41323038935661316, 0.35876983404159546, 0.44349873065948486, 0.390563040971756, 0.383116751909256, 0.40511247515678406, 0.4223267734050751, 0.581066370010376, 0.4084870517253876, 0.40784958004951477, 0.4526313245296478]
------------------------------------------------------
REr1
[0.006380430040307104, 0.012632221734531726, 0.03608097620485647, 0.006302708633164515, 0.008582956506494478, 0.028579689108984688, 0.008199970572583109, 0.03525489703107714, 0.017286972475462698, 0.08951934335495729, 0.007163390823011468, 0.007511279978930633, 0.019273513588421904, 0.007808279894376597, 0.005571788808305074, 0.014849254073308074, 0.007196695817893322, 0.0182318971754135, 0.015288476153361295, 0.051756445499824284, 0.026143640979042287, 0.013533446166784131, 0.025873274939218545, 0.034390675977373414, 0.011037915338621411, 0.019966666056679693, 0.01705712649884884, 0.02520627396200345, 0.03345518502985226, 0.06881967264549285, 0.04448690715615865, 0.05244078863679853, 0.03780939916564838, 0.04186415902768866, 0.06796215558078017, 0.053453826797398234, 0.10550924802737606, 0.14224028516751286, 0.20429518700848157, 0.1438590561413746, 0.1788812836501679, 0.12133958482018059, 0.380953207159414, 0.15492891099064726, 0.4414392388351014, 0.3913313378040182]
------------------------------------------------------
f
[0.980970848395, 0.979579982675, 0.97784011656, 0.982804183987, 0.992417156153, 0.989805871938, 0.986560350194, 0.993140177096, 1.0, 0.953618816921, 0.936163434222, 0.961005301397, 0.972139532712, 0.940385724616, 0.950197508549, 0.976655247901, 0.950450944646, 0.983798750782, 0.971620466278, 0.925226088907, 0.863168788586, 0.89820726474, 0.982895043944, 0.900606253693, 0.915769869158, 0.955916109115, 0.905015525661, 0.970899244113, 0.922902661284, 0.879589782771, 0.815529645074, 0.934845627087, 0.848863230508, 0.994014071109, 0.904401397286, 0.96992243711, 0.851114705095, 0.879589782771, 0.815529645074, 0.934845627087, 0.848863230508, 0.994014071109, 0.904401397286, 0.96992243711, 0.851114705095, 0.976828992242]
------------------------------------------------------
fsysErr
[0.005, 0.005, 0.005, 0.005, 0.005, 0.005, 0.005, 0.005, 0.005, 0.005, 0.005, 0.005, 0.005, 0.005, 0.005, 0.005, 0.005, 0.005, 0.005, 0.005, 0.005, 0.005, 0.005, 0.005, 0.005, 0.005, 0.005, 0.005, 0.005, 0.005, 0.005, 0.005, 0.005, 0.005, 0.005, 0.005, 0.005, 0.005, 0.005, 0.005, 0.005, 0.005, 0.005, 0.005, 0.005, 0.005]
------------------------------------------------------
ferrUp
[0.006267172784215567, 0.019478406570635775, 0.0026601024047169923, 0.003453600038677589, 0.0030319557205297962, 0.0024040902535270607, 0.005719404936201253, 0.0017241380371770848, 0.0, 0.004956618004352543, 0.006423991602062374, 0.009829849138301006, 0.003725445365395842, 0.004547695193401958, 0.008088820569143439, 0.003208218918399355, 0.006782699667851954, 0.002175435789493338, 0.008057133221769864, 0.021490096443658086, 0.017582641816975168, 0.025281549495007927, 0.012140341476459678, 0.010592699216279216, 0.01417104457600469, 0.010407411056343175, 0.012446664000899605, 0.0063953392834934855, 0.02124919568117404, 0.04858354488654359, 0.07094658181880065, 0.026454198598073436, 0.039540389614960085, 0.006020459823293357, 0.020642013927026682, 0.018511460306040676, 0.06262446768682099, 0.04858354488654359, 0.07094658181880065, 0.026454198598073436, 0.039540389614960085, 0.006020459823293357, 0.020642013927026682, 0.018511460306040676, 0.06262446768682099, 0.0031862049506603284]
------------------------------------------------------
ferrDn
[0.006267172784215567, 0.019478406570635775, 0.0026601024047169923, 0.003453600038677589, 0.0030319557205297962, 0.0024040902535270607, 0.005719404936201253, 0.0017241380371770848, 0.03, 0.004956618004352543, 0.006423991602062374, 0.009829849138301006, 0.003725445365395842, 0.004547695193401958, 0.008088820569143439, 0.003208218918399355, 0.006782699667851954, 0.002175435789493338, 0.008057133221769864, 0.021490096443658086, 0.017582641816975168, 0.025281549495007927, 0.012140341476459678, 0.010592699216279216, 0.01417104457600469, 0.010407411056343175, 0.012446664000899605, 0.0063953392834934855, 0.02124919568117404, 0.04858354488654359, 0.07094658181880065, 0.026454198598073436, 0.039540389614960085, 0.006020459823293357, 0.020642013927026682, 0.018511460306040676, 0.06262446768682099, 0.04858354488654359, 0.07094658181880065, 0.026454198598073436, 0.039540389614960085, 0.006020459823293357, 0.020642013927026682, 0.018511460306040676, 0.06262446768682099, 0.0031862049506603284]
------------------------------------------------------
purity
[0.9508885377305204, 0.9513852431568062, 0.9599027131938236, 0.9675391903177462, 0.9682953678982797, 0.971094036237444, 0.983366432005657, 0.9838784214437208, 0.9853181370249455, 0.9871034863239999, 0.9507160602026627, 0.9522422257569411, 0.9553803090307977, 0.9671015295494964, 0.9678321413885947, 0.9707403899978343, 0.9831131321306406, 0.9835492729456421, 0.9854742932193246, 0.98672664450375, 0.9482847902044528, 0.948655894608374, 0.956299670339387, 0.9664295284473274, 0.9667492534969828, 0.9710520094163765, 0.9826769572674483, 0.9831596826202517, 0.9847543425094545, 0.9854208437777675, 0.9494962616999851, 0.9556161983944119, 0.9638912432738056, 0.968560608882544, 0.9822100041364059, 0.981935369932, 0.987103486324, 0.987103486324, 0.938837554751, 0.930509468855, 0.9530388676043332, 0.9690153822290714, 0.987103486324, 0.9871034863239999, 1.0, 1.0]
------------------------------------------------------
pErr
[0.012789486159190434, 0.012648623639635702, 0.010255806255371381, 0.016990635977091165, 0.016500020748791536, 0.014690865068540202, 0.008333456608313338, 0.007993649710622042, 0.0070400045804753205, 0.005861280820591637, 0.012838434124873429, 0.012405934284005285, 0.01152097495209685, 0.017274944991390404, 0.016800475555958344, 0.014918898385376094, 0.008501702358225432, 0.008212064641581186, 0.0069367366573531404, 0.00610972427252026, 0.013530306748486766, 0.013424471292670718, 0.011262809275829316, 0.017711985175906768, 0.017503974189358312, 0.014717955530402406, 0.008791619815518674, 0.008470776290797998, 0.007413121092108629, 0.0069720797159801085, 0.01318511236015321, 0.011454687528298075, 0.019368273093882418, 0.016328111350282174, 0.00910228041030291, 0.009285130581700782, 0.005861280820591637, 0.005861280820591636, 0.01625274521074834, 0.018698520293823344, 0.026549188624179865, 0.016033580238587135, 0.005861280820591636, 0.005861280820591637, 0.0, 0.0]
------------------------------------------------------
DR
[1.0, 1.0, 1.0, 1.0, 1.0, 1.0, 1.0, 1.0, 1.0, 1.0, 1.0, 1.0, 1.0, 1.0, 1.0, 1.0, 1.0, 1.0, 1.0, 1.0, 1.0, 1.0, 1.0, 1.0, 1.0, 1.0, 1.0, 1.0, 1.0, 1.0, 1.0, 1.0, 1.0, 1.0, 1.0, 1.0, 1.0, 1.0, 1.0, 1.0, 1.0, 1.0, 1.0, 1.0, 1.0, 1.0]
------------------------------------------------------
DRup
[0.0, 0.0, 0.0, 0.0, 0.0, 0.0, 0.0, 0.0, 0.0, 0.0, 0.0, 0.0, 0.0, 0.0, 0.0, 0.0, 0.0, 0.0, 0.0, 0.0, 0.0, 0.0, 0.0, 0.0, 0.0, 0.0, 0.0, 0.0, 0.0, 0.0, 0.0, 0.0, 0.0, 0.0, 0.0, 0.0, 0.0, 0.0, 0.0, 0.0, 0.0, 0.0, 0.0, 0.0, 0.0, 0.0]
------------------------------------------------------
DRlow
[0.0, 0.0, 0.0, 0.0, 0.0, 0.0, 0.0, 0.0, 0.0, 0.0, 0.0, 0.0, 0.0, 0.0, 0.0, 0.0, 0.0, 0.0, 0.0, 0.0, 0.0, 0.0, 0.0, 0.0, 0.0, 0.0, 0.0, 0.0, 0.0, 0.0, 0.0, 0.0, 0.0, 0.0, 0.0, 0.0, 0.0, 0.0, 0.0, 0.0, 0.0, 0.0, 0.0, 0.0, 0.0, 0.0]
------------------------------------------------------
Yield
[14243.297256929452, 990.3837379044118, 51.620950093719, 10093.035148095532, 2651.404765251293, 96.45304972792158, 2423.0929993633217, 67.19576931346575, 300.2067464400679, 12.74721131732256, 8970.771535356585, 2604.393074427009, 179.77958889776673, 5403.194881614745, 5082.355836637352, 311.415608662774, 2220.292504660934, 221.77649275231295, 323.1043769508807, 28.13183614494823, 522.3715674216357, 805.0918323948657, 101.7842815311371, 260.1596901034954, 1165.9452285609132, 174.61065271658427, 311.0194888545754, 125.17453753097367, 52.96552897576318, 16.726054058233316, 78.83166689633322, 24.33349259576416, 92.89790833154528, 49.67831305418429, 27.13771218336356, 27.58161363012017, 3.6519079391274096, 1.5550514795520902, 2.693900445527265, 3.00277339908213, 2.951015914972321, 5.698624717228404, 1.0391607546903487, 3.523770205648065, 0.0, 0.0]
------------------------------------------------------
YstatUp
[0.013977480439827206, 0.05388482687470793, 0.23961815608577924, 0.016376704397433883, 0.0319584854669402, 0.1668529609465763, 0.03287089312209135, 0.19517414835186409, 0.09243254583741639, 0.4209178565669205, 0.018062431578137837, 0.03384791507518975, 0.12610757559581282, 0.022848416121271083, 0.023820049499617663, 0.09367515140584794, 0.034997446758536936, 0.10765195389436806, 0.08911163745130274, 0.2843753233447081, 0.0778082219643406, 0.06207986963391027, 0.16410483855879376, 0.10831042117247723, 0.04992218109187114, 0.12625465481095907, 0.09640337591561447, 0.14246151694959888, 0.2342971718770047, 0.3920493441831329, 0.20766661658027644, 0.33888317588535466, 0.17948016591533217, 0.22505474119671734, 0.3060915307374491, 0.30333976748206315, 1.053047873065894, 1.6755405201970126, 1.1136268992348837, 0.9990763874879877, 1.0165990582358952, 0.6565895408872866, 2.105887406835833, 0.9743815741336159, 0.9632333005487058, 1.0689959877008919]
------------------------------------------------------
YstatLow
[0.013977480439827206, 0.05388482687470793, 0.23961815608577924, 0.016376704397433883, 0.0319584854669402, 0.1668529609465763, 0.03287089312209135, 0.19517414835186409, 0.09243254583741639, 0.4209178565669205, 0.018062431578137837, 0.03384791507518975, 0.12610757559581282, 0.022848416121271083, 0.023820049499617663, 0.09367515140584794, 0.034997446758536936, 0.10765195389436806, 0.08911163745130274, 0.2843753233447081, 0.0778082219643406, 0.06207986963391027, 0.16410483855879376, 0.10831042117247723, 0.04992218109187114, 0.12625465481095907, 0.09640337591561447, 0.14246151694959888, 0.2342971718770047, 0.3920493441831329, 0.20766661658027644, 0.33888317588535466, 0.17948016591533217, 0.22505474119671734, 0.3060915307374491, 0.30333976748206315, 1.053047873065894, 1.6755405201970126, 1.1136268992348837, 0.9990763874879877, 1.0165990582358952, 0.6565895408872866, 2.105887406835833, 0.9743815741336159, 0.9632333005487058, 1.0689959877008919]
------------------------------------------------------
YsysUp
[0.02402650899154201, 0.03213587803645633, 0.041802477020150094, 0.025934940841120108, 0.02621783859329127, 0.03702082681718872, 0.022464848247255274, 0.04055441128443395, 0.02661070814049268, 0.09181571557963783, 0.024313615757246675, 0.025312499743950004, 0.02918422900419844, 0.026690225633944846, 0.026664728397907737, 0.02802834385820112, 0.022482328180020324, 0.027192978773012095, 0.02657903357210357, 0.059439381600276876, 0.03885122727685683, 0.03655651763311983, 0.03573887270807755, 0.044056256835414954, 0.031005638482515186, 0.03249402194323935, 0.029306444614751893, 0.03291267581995432, 0.044574097984316524, 0.08661530038034482, 0.08671971761314548, 0.06257051428874018, 0.06083152850301299, 0.04886485099880581, 0.07390941858956533, 0.0601830976585451, 0.12429348293653865, 0.15161878336880039, 0.2176417448937705, 0.14859026022801838, 0.18600835004169314, 0.12389123055164702, 0.3819941181990138, 0.15721346968062241, 0.4462530923371095, 0.3918006223469767]
------------------------------------------------------
YsysLow
[0.02402650899154201, 0.03213587803645633, 0.041802477020150094, 0.025934940841120108, 0.02621783859329127, 0.03702082681718872, 0.022464848247255274, 0.04055441128443395, 0.040101493584883886, 0.09181571557963783, 0.024313615757246675, 0.025312499743950004, 0.02918422900419844, 0.026690225633944846, 0.026664728397907737, 0.02802834385820112, 0.022482328180020324, 0.027192978773012095, 0.02657903357210357, 0.059439381600276876, 0.03885122727685683, 0.03655651763311983, 0.03573887270807755, 0.044056256835414954, 0.031005638482515186, 0.03249402194323935, 0.029306444614751893, 0.03291267581995432, 0.044574097984316524, 0.08661530038034482, 0.08671971761314548, 0.06257051428874018, 0.06083152850301299, 0.04886485099880581, 0.07390941858956533, 0.0601830976585451, 0.12429348293653865, 0.15161878336880039, 0.2176417448937705, 0.14859026022801838, 0.18600835004169314, 0.12389123055164702, 0.3819941181990138, 0.15721346968062241, 0.4462530923371095, 0.3918006223469767]
------------------------------------------------------