 binIndex : nMCGJ( nMCerr)|nMCEBt |nMCECt |Nobs |nEB| pEB(pEBerr) |nEC| pEC(pECerr) | trigW(trigWsysErr,trigWerr) | SF(SFerr) | ZJetsHisto_Rzg | GJetsHisto_Rzg | ZgR(REr1) |f(fsysErr,+ferrUp-ferrDn) |purity(pErr)| DR(+DRup-DRlow) |Yield(+YstatUp-YstatLow,+YsysUp-YsysLow)
 1 : 25888.458( 0.015)|19219.572 |6668.958 |39635.0 |28392.0| 0.972(0.006) |11243.0| 0.9(0.024) | 0.987(0.01,0.002) | 1.012(0.014) | 12268.143 | 25912.041 | 0.385(0.006) |0.981(0.005,+0.006-0.006) |0.951(0.011)| 1.0(+0.0-0.0) |14252.336(+0.014-0.014,+0.023-0.023)
 2 : 2243.476( 0.018)|1651.408 |592.042 |2848.0 |2059.0| 0.972(0.006) |789.0| 0.9(0.024) | 0.987(0.01,0.002) | 1.012(0.014) | 1029.608 | 2245.33 | 0.373(0.013) |0.98(0.005,+0.019-0.019) |0.952(0.011)| 1.0(+0.0-0.0) |990.99(+0.054-0.054,+0.031-0.031)
 3 : 163.747( 0.033)|130.473 |33.275 |153.0 |128.0| 0.972(0.006) |25.0| 0.9(0.024) | 0.987(0.01,0.002) | 1.012(0.014) | 72.395 | 163.855 | 0.359(0.036) |0.978(0.005,+0.003-0.003) |0.96(0.009)| 1.0(+0.0-0.0) |51.633(+0.24-0.24,+0.042-0.042)
 4 : 19098.072( 0.015)|14759.547 |4338.963 |27321.0 |20605.0| 0.979(0.009) |6716.0| 0.933(0.04) | 0.988(0.01,0.001) | 1.012(0.014) | 9126.729 | 19109.357 | 0.388(0.006) |0.983(0.005,+0.003-0.003) |0.968(0.017)| 1.0(+0.0-0.0) |10093.372(+0.016-0.016,+0.026-0.026)
 5 : 5353.713( 0.016)|4187.125 |1166.605 |7180.0 |5531.0| 0.979(0.009) |1649.0| 0.933(0.04) | 0.988(0.01,0.001) | 1.012(0.014) | 2530.289 | 5355.895 | 0.384(0.009) |0.992(0.005,+0.003-0.003) |0.968(0.016)| 1.0(+0.0-0.0) |2651.426(+0.032-0.032,+0.026-0.026)
 6 : 258.941( 0.028)|214.361 |44.58 |259.0 |215.0| 0.979(0.009) |44.0| 0.933(0.04) | 0.988(0.01,0.001) | 1.012(0.014) | 123.398 | 259.043 | 0.387(0.029) |0.99(0.005,+0.002-0.002) |0.971(0.014)| 1.0(+0.0-0.0) |96.445(+0.167-0.167,+0.037-0.037)
 7 : 4968.352( 0.016)|4231.898 |736.497 |6344.0 |5361.0| 0.987(0.006) |983.0| 0.963(0.022) | 0.987(0.01,0.002) | 1.012(0.014) | 2405.659 | 4974.282 | 0.393(0.008) |0.987(0.005,+0.006-0.006) |0.983(0.008)| 1.0(+0.0-0.0) |2422.692(+0.033-0.033,+0.022-0.022)
 8 : 169.329( 0.033)|147.348 |21.98 |172.0 |149.0| 0.987(0.006) |23.0| 0.963(0.022) | 0.987(0.01,0.002) | 1.012(0.014) | 83.273 | 169.568 | 0.399(0.035) |0.993(0.005,+0.002-0.002) |0.984(0.008)| 1.0(+0.0-0.0) |67.185(+0.195-0.195,+0.041-0.041)
 9 : 692.297( 0.02)|650.97 |41.327 |770.0 |713.0| 0.987(0.006) |57.0| 0.963(0.022) | 0.978(0.01,0.005) | 1.012(0.014) | 336.665 | 698.492 | 0.392(0.017) |1.0(0.005,+0.0-0.03) |0.985(0.007)| 1.0(+0.0-0.0) |300.156(+0.092-0.092,+0.027-0.04)
 10 : 23.626( 0.08)|22.658 |0.968 |26.0 |26.0| 0.987(0.006) |0.0| 0.963(0.022) | 0.978(0.01,0.005) | 1.012(0.014) | 15.127 | 23.847 | 0.516(0.09) |0.954(0.005,+0.005-0.005) |0.987(0.006)| 1.0(+0.0-0.0) |12.745(+0.421-0.421,+0.092-0.092)
 11 : 17609.394( 0.016)|12967.856 |4641.671 |26255.0 |18747.0| 0.972(0.006) |7508.0| 0.9(0.024) | 0.987(0.01,0.002) | 1.012(0.014) | 8315.418 | 17625.648 | 0.384(0.007) |0.936(0.005,+0.006-0.006) |0.951(0.011)| 1.0(+0.0-0.0) |8976.533(+0.018-0.018,+0.023-0.023)
 12 : 6443.691( 0.016)|4707.575 |1736.273 |7771.0 |5707.0| 0.972(0.006) |2064.0| 0.9(0.024) | 0.987(0.01,0.002) | 1.012(0.014) | 2902.327 | 6448.715 | 0.366(0.008) |0.961(0.005,+0.01-0.01) |0.953(0.011)| 1.0(+0.0-0.0) |2605.89(+0.034-0.034,+0.025-0.025)
 13 : 569.462( 0.022)|430.157 |139.305 |514.0 |399.0| 0.972(0.006) |115.0| 0.9(0.024) | 0.987(0.01,0.002) | 1.012(0.014) | 263.776 | 569.917 | 0.376(0.019) |0.972(0.005,+0.004-0.004) |0.956(0.01)| 1.0(+0.0-0.0) |179.858(+0.126-0.126,+0.029-0.029)
 14 : 11288.957( 0.016)|8679.089 |2610.09 |15241.0 |11352.0| 0.979(0.009) |3889.0| 0.933(0.04) | 0.988(0.01,0.001) | 1.012(0.014) | 5412.771 | 11294.972 | 0.39(0.008) |0.94(0.005,+0.005-0.005) |0.967(0.017)| 1.0(+0.0-0.0) |5403.455(+0.023-0.023,+0.026-0.026)
 15 : 11845.829( 0.015)|9186.701 |2659.437 |14656.0 |11145.0| 0.979(0.009) |3511.0| 0.933(0.04) | 0.988(0.01,0.001) | 1.012(0.014) | 5494.694 | 11852.894 | 0.377(0.006) |0.95(0.005,+0.008-0.008) |0.968(0.016)| 1.0(+0.0-0.0) |5082.476(+0.024-0.024,+0.026-0.026)
 16 : 954.18( 0.019)|762.291 |191.891 |851.0 |700.0| 0.979(0.009) |151.0| 0.933(0.04) | 0.988(0.01,0.001) | 1.012(0.014) | 453.002 | 954.619 | 0.386(0.015) |0.977(0.005,+0.003-0.003) |0.971(0.014)| 1.0(+0.0-0.0) |311.393(+0.094-0.094,+0.028-0.028)
 17 : 5300.363( 0.016)|4488.756 |811.625 |6038.0 |5039.0| 0.987(0.006) |999.0| 0.963(0.022) | 0.987(0.01,0.002) | 1.012(0.014) | 2565.297 | 5306.491 | 0.393(0.007) |0.95(0.005,+0.007-0.007) |0.983(0.008)| 1.0(+0.0-0.0) |2219.926(+0.035-0.035,+0.022-0.022)
 18 : 625.829( 0.021)|544.242 |81.591 |570.0 |486.0| 0.987(0.006) |84.0| 0.963(0.022) | 0.987(0.01,0.002) | 1.012(0.014) | 309.534 | 626.719 | 0.402(0.018) |0.984(0.005,+0.002-0.002) |0.983(0.008)| 1.0(+0.0-0.0) |221.74(+0.108-0.108,+0.027-0.027)
 19 : 882.61( 0.019)|831.0 |51.609 |829.0 |773.0| 0.987(0.006) |56.0| 0.963(0.022) | 0.978(0.01,0.005) | 1.012(0.014) | 441.551 | 890.533 | 0.403(0.015) |0.972(0.005,+0.008-0.008) |0.985(0.007)| 1.0(+0.0-0.0) |323.05(+0.089-0.089,+0.027-0.027)
 20 : 74.733( 0.047)|72.847 |1.887 |64.0 |63.0| 0.987(0.006) |1.0| 0.963(0.022) | 0.978(0.01,0.005) | 1.012(0.014) | 44.244 | 75.459 | 0.477(0.052) |0.925(0.005,+0.021-0.021) |0.987(0.006)| 1.0(+0.0-0.0) |28.127(+0.284-0.284,+0.059-0.059)
 21 : 1194.972( 0.027)|888.149 |306.821 |1652.0 |1126.0| 0.972(0.006) |526.0| 0.9(0.024) | 0.987(0.01,0.002) | 1.012(0.014) | 567.788 | 1195.959 | 0.386(0.026) |0.863(0.005,+0.018-0.018) |0.949(0.012)| 1.0(+0.0-0.0) |522.763(+0.078-0.078,+0.038-0.038)
 22 : 2031.306( 0.019)|1456.225 |575.061 |2498.0 |1715.0| 0.972(0.006) |783.0| 0.9(0.024) | 0.987(0.01,0.002) | 1.012(0.014) | 944.996 | 2033.122 | 0.378(0.014) |0.898(0.005,+0.025-0.025) |0.949(0.012)| 1.0(+0.0-0.0) |805.682(+0.062-0.062,+0.036-0.036)
 23 : 314.233( 0.026)|237.706 |76.528 |279.0 |220.0| 0.972(0.006) |59.0| 0.9(0.024) | 0.987(0.01,0.002) | 1.012(0.014) | 150.012 | 314.481 | 0.388(0.026) |0.983(0.005,+0.012-0.012) |0.957(0.01)| 1.0(+0.0-0.0) |101.825(+0.164-0.164,+0.035-0.035)
 24 : 595.471( 0.033)|449.877 |145.593 |794.0 |580.0| 0.979(0.009) |214.0| 0.933(0.04) | 0.987(0.01,0.001) | 1.012(0.014) | 275.722 | 595.791 | 0.376(0.034) |0.901(0.005,+0.011-0.011) |0.966(0.017)| 1.0(+0.0-0.0) |260.178(+0.108-0.108,+0.044-0.044)
 25 : 2836.617( 0.017)|2166.97 |669.604 |3388.0 |2498.0| 0.979(0.009) |890.0| 0.933(0.04) | 0.988(0.01,0.001) | 1.012(0.014) | 1356.173 | 2837.979 | 0.389(0.011) |0.916(0.005,+0.014-0.014) |0.967(0.017)| 1.0(+0.0-0.0) |1166.015(+0.05-0.05,+0.031-0.031)
 26 : 525.975( 0.022)|412.12 |113.857 |486.0 |403.0| 0.979(0.009) |83.0| 0.933(0.04) | 0.988(0.01,0.001) | 1.012(0.014) | 250.405 | 526.236 | 0.387(0.02) |0.956(0.005,+0.01-0.01) |0.971(0.014)| 1.0(+0.0-0.0) |174.596(+0.126-0.126,+0.032-0.032)
 27 : 852.693( 0.021)|708.012 |144.685 |899.0 |734.0| 0.987(0.006) |165.0| 0.963(0.022) | 0.987(0.01,0.002) | 1.012(0.014) | 408.01 | 853.743 | 0.389(0.017) |0.905(0.005,+0.012-0.012) |0.983(0.009)| 1.0(+0.0-0.0) |310.968(+0.096-0.096,+0.029-0.029)
 28 : 325.709( 0.026)|277.411 |48.298 |318.0 |266.0| 0.987(0.006) |52.0| 0.963(0.022) | 0.987(0.01,0.002) | 1.012(0.014) | 165.207 | 326.14 | 0.412(0.025) |0.971(0.005,+0.006-0.006) |0.983(0.008)| 1.0(+0.0-0.0) |125.154(+0.142-0.142,+0.033-0.033)
 29 : 189.419( 0.032)|175.984 |13.436 |154.0 |139.0| 0.987(0.006) |15.0| 0.963(0.022) | 0.979(0.01,0.006) | 1.012(0.014) | 88.085 | 191.066 | 0.375(0.033) |0.923(0.005,+0.021-0.021) |0.985(0.007)| 1.0(+0.0-0.0) |52.957(+0.234-0.234,+0.045-0.045)
 30 : 42.085( 0.061)|40.472 |1.613 |43.0 |40.0| 0.987(0.006) |3.0| 0.963(0.022) | 0.978(0.01,0.005) | 1.012(0.014) | 23.218 | 42.481 | 0.444(0.069) |0.88(0.005,+0.049-0.049) |0.985(0.007)| 1.0(+0.0-0.0) |16.723(+0.392-0.392,+0.087-0.087)
 31 : 192.22( 0.041)|133.271 |58.949 |268.0 |187.0| 0.972(0.006) |81.0| 0.9(0.024) | 0.987(0.01,0.002) | 1.012(0.014) | 89.81 | 192.407 | 0.379(0.044) |0.816(0.005,+0.071-0.071) |0.95(0.011)| 1.0(+0.0-0.0) |78.887(+0.208-0.208,+0.086-0.086)
 32 : 75.626( 0.047)|51.365 |24.261 |68.0 |53.0| 0.972(0.006) |15.0| 0.9(0.024) | 0.987(0.01,0.002) | 1.012(0.014) | 37.26 | 75.703 | 0.4(0.052) |0.935(0.005,+0.026-0.026) |0.956(0.01)| 1.0(+0.0-0.0) |24.344(+0.339-0.339,+0.062-0.062)
 33 : 223.464( 0.036)|165.921 |57.544 |278.0 |188.0| 0.979(0.009) |90.0| 0.933(0.04) | 0.987(0.01,0.001) | 1.012(0.014) | 112.254 | 223.59 | 0.408(0.038) |0.849(0.005,+0.04-0.04) |0.964(0.019)| 1.0(+0.0-0.0) |92.912(+0.179-0.179,+0.061-0.061)
 34 : 117.17( 0.038)|88.952 |28.218 |125.0 |97.0| 0.979(0.009) |28.0| 0.933(0.04) | 0.988(0.01,0.001) | 1.012(0.014) | 59.491 | 117.232 | 0.413(0.042) |0.994(0.005,+0.006-0.006) |0.969(0.016)| 1.0(+0.0-0.0) |49.678(+0.225-0.225,+0.049-0.049)
 35 : 51.763( 0.061)|45.372 |6.391 |69.0 |55.0| 0.987(0.006) |14.0| 0.963(0.022) | 0.987(0.01,0.002) | 1.012(0.014) | 28.19 | 51.838 | 0.442(0.068) |0.904(0.005,+0.021-0.021) |0.982(0.009)| 1.0(+0.0-0.0) |27.133(+0.306-0.306,+0.074-0.074)
 36 : 71.136( 0.048)|58.659 |12.477 |70.0 |55.0| 0.987(0.006) |15.0| 0.963(0.022) | 0.987(0.01,0.002) | 1.012(0.014) | 36.2 | 71.221 | 0.413(0.053) |0.97(0.005,+0.019-0.019) |0.982(0.009)| 1.0(+0.0-0.0) |27.577(+0.303-0.303,+0.06-0.06)
 37 : 19.199( 0.089)|17.959 |1.239 |12.0 |12.0| 0.987(0.006) |0.0| 0.963(0.022) | 0.979(0.01,0.005) | 1.012(0.014) | 8.547 | 19.368 | 0.359(0.106) |0.851(0.005,+0.063-0.063) |0.987(0.006)| 1.0(+0.0-0.0) |3.651(+1.053-1.053,+0.124-0.124)
 38 : 10.131( 0.124)|9.46 |0.671 |4.0 |4.0| 0.987(0.006) |0.0| 0.963(0.022) | 0.979(0.01,0.006) | 1.012(0.014) | 5.575 | 10.22 | 0.443(0.142) |0.88(0.005,+0.049-0.049) |0.987(0.006)| 1.0(+0.0-0.0) |1.555(+1.676-1.676,+0.152-0.152)
 39 : 7.37( 0.178)|5.237 |2.133 |9.0 |5.0| 0.972(0.006) |4.0| 0.9(0.024) | 0.987(0.01,0.002) | 1.012(0.014) | 3.544 | 7.377 | 0.391(0.204) |0.816(0.005,+0.071-0.071) |0.94(0.014)| 1.0(+0.0-0.0) |2.697(+1.112-1.112,+0.217-0.217)
 40 : 9.872( 0.122)|6.39 |3.482 |9.0 |4.0| 0.972(0.006) |5.0| 0.9(0.024) | 0.987(0.01,0.002) | 1.012(0.014) | 4.657 | 9.883 | 0.383(0.144) |0.935(0.005,+0.026-0.026) |0.932(0.016)| 1.0(+0.0-0.0) |3.007(+0.998-0.998,+0.148-0.148)
 41 : 7.984( 0.153)|6.312 |1.673 |9.0 |4.0| 0.979(0.009) |5.0| 0.933(0.04) | 0.988(0.01,0.001) | 1.012(0.014) | 3.98 | 7.988 | 0.405(0.179) |0.849(0.005,+0.04-0.04) |0.954(0.026)| 1.0(+0.0-0.0) |2.953(+1.016-1.016,+0.186-0.186)
 42 : 13.688( 0.104)|9.726 |3.962 |14.0 |11.0| 0.979(0.009) |3.0| 0.933(0.04) | 0.987(0.01,0.001) | 1.012(0.014) | 7.115 | 13.696 | 0.422(0.121) |0.994(0.005,+0.006-0.006) |0.969(0.016)| 1.0(+0.0-0.0) |5.699(+0.657-0.657,+0.124-0.124)
 43 : 1.349( 0.335)|1.23 |0.119 |2.0 |2.0| 0.987(0.006) |0.0| 0.963(0.022) | 0.986(0.01,0.002) | 1.012(0.014) | 0.965 | 1.351 | 0.581(0.381) |0.904(0.005,+0.021-0.021) |0.987(0.006)| 1.0(+0.0-0.0) |1.039(+2.106-2.106,+0.382-0.382)
 44 : 8.436( 0.132)|6.929 |1.507 |9.0 |9.0| 0.987(0.006) |0.0| 0.963(0.022) | 0.987(0.01,0.002) | 1.012(0.014) | 4.244 | 8.446 | 0.408(0.155) |0.97(0.005,+0.019-0.019) |0.987(0.006)| 1.0(+0.0-0.0) |3.523(+0.975-0.975,+0.157-0.157)
 45 : 1.078( 0.376)|1.078 |0.0 |0.0 |0.0| 0.987(0.006) |0.0| 0.963(0.022) | 0.978(0.01,0.005) | 1.012(0.014) | 0.546 | 1.089 | 0.408(0.441) |0.851(0.005,+0.063-0.063) |1.0(0.0)| 1.0(+0.0-0.0) |0.0(+0.963-0.963,+0.446-0.446)
 46 : 1.324( 0.34)|1.223 |0.101 |0.0 |0.0| 0.987(0.006) |0.0| 0.963(0.022) | 0.978(0.01,0.005) | 1.012(0.014) | 0.744 | 1.336 | 0.453(0.391) |0.977(0.005,+0.003-0.003) |1.0(0.0)| 1.0(+0.0-0.0) |0.0(+1.069-1.069,+0.392-0.392)

binIndex
[1, 2, 3, 4, 5, 6, 7, 8, 9, 10, 11, 12, 13, 14, 15, 16, 17, 18, 19, 20, 21, 22, 23, 24, 25, 26, 27, 28, 29, 30, 31, 32, 33, 34, 35, 36, 37, 38, 39, 40, 41, 42, 43, 44, 45, 46]
------------------------------------------------------
nMCGJ
[25888.457607332548, 2243.4757328628934, 163.7471784427999, 19098.0716625999, 5353.713067868421, 258.9412073059937, 4968.351598569455, 169.3286674865814, 692.2970053869399, 23.626407030919694, 17609.39355414692, 6443.690990024798, 569.4620548427137, 11288.956835972434, 11845.829367806935, 954.179963539621, 5300.363141790747, 625.8294511381608, 882.6101313596033, 74.7331969314744, 1194.9717024449888, 2031.305576471509, 314.2330734850755, 595.4709098020728, 2836.6167160736964, 525.9752602228735, 852.6926557461779, 325.7091835261647, 189.41947369298578, 42.084716028710346, 192.21977772756307, 75.62649401116542, 223.4639716218885, 117.17016710355459, 51.76296203257736, 71.13646503098062, 19.19861526580249, 10.13055747393588, 7.369889124835246, 9.871701622731049, 7.984131249727774, 13.687877619379403, 1.3485840735618375, 8.436029606768583, 1.0781581619194234, 1.3243335907716098]
------------------------------------------------------
nMCerr
[0.015334963338163112, 0.018068966476929856, 0.03333832514282888, 0.015345296188396442, 0.01618786226838919, 0.028052872406583416, 0.01603393297100329, 0.033137358811243696, 0.02049410164950659, 0.07950115757476778, 0.015597848591951539, 0.01575022347537245, 0.02161129394234123, 0.01587062391810031, 0.015136194181626643, 0.019021953492438164, 0.015639963725511893, 0.021075029446174388, 0.019338606871460495, 0.047323197803650484, 0.02667534997711478, 0.0185600583529655, 0.02611119601449298, 0.033213253760426685, 0.01727401899268349, 0.022102764284819543, 0.020553108654524345, 0.02579325982487366, 0.0315755413510299, 0.06097571555899549, 0.04117907084003521, 0.04663708045397072, 0.036108387250781124, 0.03837570298809206, 0.061477186024577773, 0.04763084121887326, 0.08918533471620406, 0.12357904994259991, 0.1780102310115989, 0.12152867685408589, 0.15262711090070377, 0.10436687661148931, 0.3346620796611781, 0.13233922485003605, 0.37602533752668027, 0.3401286326078027]
------------------------------------------------------
nMCEBt
[19219.57155538528, 1651.4082566728794, 130.47253787645784, 14759.546596062848, 4187.125118381077, 214.36147777043806, 4231.897860500731, 147.3482591246409, 650.9698266864675, 22.658027623597185, 12967.856089044988, 4707.575258253717, 430.1565426873512, 8679.089166319713, 9186.700710776047, 762.290738008412, 4488.756252301881, 544.2417438539132, 831.0004998952143, 72.84662941930324, 888.1485331006457, 1456.2253079950808, 237.70634827273884, 449.87690619454304, 2166.969732797609, 412.1203213085839, 708.0116087654313, 277.410942546836, 175.9838643163615, 40.471965236750655, 133.27098869371304, 51.365280899599234, 165.9206626051282, 88.95168252234717, 45.37165176685773, 58.65942459247993, 17.959249155554158, 9.459904185932148, 5.237380852281406, 6.389751439690878, 6.311520573046516, 9.725977932519665, 1.2297280529994874, 6.928629876092864, 1.0781581619194234, 1.2233702869325154]
------------------------------------------------------
nMCECt
[6668.958203875012, 592.0420253387904, 33.274764114163524, 4338.963414207642, 1166.6047519910637, 44.57982605729118, 736.4973504497038, 21.980481718459494, 41.32684280483265, 0.9683785627573233, 4641.671390940414, 1736.2726375043533, 139.3054812684071, 2610.0903028270177, 2659.4370323932867, 191.89126407026336, 811.6249892447121, 81.59056432761923, 51.60886315137433, 1.8865530339108232, 306.82134701397626, 575.0609950162784, 76.52836994271006, 145.59323143364549, 669.6041739559464, 113.8566763055291, 144.68541748493124, 48.29821395324276, 13.435604550537489, 1.6127512745683639, 58.948966633843405, 24.261160989828994, 57.54359472109747, 28.218413155123123, 6.391316057023765, 12.47697866458995, 1.2393652656831473, 0.6706544945254269, 2.1325085138581783, 3.481951389561864, 1.6726109179855972, 3.961902341207465, 0.11885596777702599, 1.5074006958930741, 0.0, 0.10096333400213683]
------------------------------------------------------
Nobs
[39635.0, 2848.0, 153.0, 27321.0, 7180.0, 259.0, 6344.0, 172.0, 770.0, 26.0, 26255.0, 7771.0, 514.0, 15241.0, 14656.0, 851.0, 6038.0, 570.0, 829.0, 64.0, 1652.0, 2498.0, 279.0, 794.0, 3388.0, 486.0, 899.0, 318.0, 154.0, 43.0, 268.0, 68.0, 278.0, 125.0, 69.0, 70.0, 12.0, 4.0, 9.0, 9.0, 9.0, 14.0, 2.0, 9.0, 0.0, 0.0]
------------------------------------------------------
nEB
[28392.0, 2059.0, 128.0, 20605.0, 5531.0, 215.0, 5361.0, 149.0, 713.0, 26.0, 18747.0, 5707.0, 399.0, 11352.0, 11145.0, 700.0, 5039.0, 486.0, 773.0, 63.0, 1126.0, 1715.0, 220.0, 580.0, 2498.0, 403.0, 734.0, 266.0, 139.0, 40.0, 187.0, 53.0, 188.0, 97.0, 55.0, 55.0, 12.0, 4.0, 5.0, 4.0, 4.0, 11.0, 2.0, 9.0, 0.0, 0.0]
------------------------------------------------------
pEB
[0.971872380984, 0.971872380984, 0.971872380984, 0.978706202111, 0.978706202111, 0.978706202111, 0.986935133985, 0.986935133985, 0.986935133985, 0.986935133985, 0.971872380984, 0.971872380984, 0.971872380984, 0.978706202111, 0.978706202111, 0.978706202111, 0.986935133985, 0.986935133985, 0.986935133985, 0.986935133985, 0.971872380984, 0.971872380984, 0.971872380984, 0.978706202111, 0.978706202111, 0.978706202111, 0.986935133985, 0.986935133985, 0.986935133985, 0.986935133985, 0.971872380984, 0.971872380984, 0.978706202111, 0.978706202111, 0.986935133985, 0.986935133985, 0.986935133985, 0.986935133985, 0.971872380984, 0.971872380984, 0.978706202111, 0.978706202111, 0.986935133985, 0.986935133985, 0.986935133985, 0.986935133985]
------------------------------------------------------
pEBerr
[0.006420620630614186, 0.006420620630614186, 0.006420620630614186, 0.009246814829772177, 0.009246814829772177, 0.009246814829772177, 0.005635162143376008, 0.005635162143376008, 0.005635162143376008, 0.005635162143376008, 0.006420620630614186, 0.006420620630614186, 0.006420620630614186, 0.009246814829772177, 0.009246814829772177, 0.009246814829772177, 0.005635162143376008, 0.005635162143376008, 0.005635162143376008, 0.005635162143376008, 0.006420620630614186, 0.006420620630614186, 0.006420620630614186, 0.009246814829772177, 0.009246814829772177, 0.009246814829772177, 0.005635162143376008, 0.005635162143376008, 0.005635162143376008, 0.005635162143376008, 0.006420620630614186, 0.006420620630614186, 0.009246814829772177, 0.009246814829772177, 0.005635162143376008, 0.005635162143376008, 0.005635162143376008, 0.005635162143376008, 0.006420620630614186, 0.006420620630614186, 0.009246814829772177, 0.009246814829772177, 0.005635162143376008, 0.005635162143376008, 0.005635162143376008, 0.005635162143376008]
------------------------------------------------------
nEC
[11243.0, 789.0, 25.0, 6716.0, 1649.0, 44.0, 983.0, 23.0, 57.0, 0.0, 7508.0, 2064.0, 115.0, 3889.0, 3511.0, 151.0, 999.0, 84.0, 56.0, 1.0, 526.0, 783.0, 59.0, 214.0, 890.0, 83.0, 165.0, 52.0, 15.0, 3.0, 81.0, 15.0, 90.0, 28.0, 14.0, 15.0, 0.0, 0.0, 4.0, 5.0, 5.0, 3.0, 0.0, 0.0, 0.0, 0.0]
------------------------------------------------------
pEC
[0.900025119926, 0.900025119926, 0.900025119926, 0.933409813785, 0.933409813785, 0.933409813785, 0.962854500511, 0.962854500511, 0.962854500511, 0.962854500511, 0.900025119926, 0.900025119926, 0.900025119926, 0.933409813785, 0.933409813785, 0.933409813785, 0.962854500511, 0.962854500511, 0.962854500511, 0.962854500511, 0.900025119926, 0.900025119926, 0.900025119926, 0.933409813785, 0.933409813785, 0.933409813785, 0.962854500511, 0.962854500511, 0.962854500511, 0.962854500511, 0.900025119926, 0.900025119926, 0.933409813785, 0.933409813785, 0.962854500511, 0.962854500511, 0.962854500511, 0.962854500511, 0.900025119926, 0.900025119926, 0.933409813785, 0.933409813785, 0.962854500511, 0.962854500511, 0.962854500511, 0.962854500511]
------------------------------------------------------
pECerr
[0.023608402511084384, 0.023608402511084384, 0.023608402511084384, 0.03988180815246345, 0.03988180815246345, 0.03988180815246345, 0.02216404968183061, 0.02216404968183061, 0.02216404968183061, 0.02216404968183061, 0.023608402511084384, 0.023608402511084384, 0.023608402511084384, 0.03988180815246345, 0.03988180815246345, 0.03988180815246345, 0.02216404968183061, 0.02216404968183061, 0.02216404968183061, 0.02216404968183061, 0.023608402511084384, 0.023608402511084384, 0.023608402511084384, 0.03988180815246345, 0.03988180815246345, 0.03988180815246345, 0.02216404968183061, 0.02216404968183061, 0.02216404968183061, 0.02216404968183061, 0.023608402511084384, 0.023608402511084384, 0.03988180815246345, 0.03988180815246345, 0.02216404968183061, 0.02216404968183061, 0.02216404968183061, 0.02216404968183061, 0.023608402511084384, 0.023608402511084384, 0.03988180815246345, 0.03988180815246345, 0.02216404968183061, 0.02216404968183061, 0.02216404968183061, 0.02216404968183061]
------------------------------------------------------
trigW
[0.9871907904582173, 0.9871757732317329, 0.9873721666679083, 0.9875276350957345, 0.9875488071556755, 0.9876445705056858, 0.9867464424404828, 0.9866582633302683, 0.9784837556438741, 0.9783378899336935, 0.9871736331179162, 0.9871578565218848, 0.9872361824668503, 0.9875185966716759, 0.9875367833813463, 0.987582794056401, 0.986770474963261, 0.9866569261674089, 0.978484410968589, 0.9782327761351988, 0.9871992956971912, 0.9871170799295736, 0.9872482537820119, 0.9874907205572667, 0.9875093937294934, 0.9875536384773165, 0.9868532792852652, 0.9867414444400424, 0.9785843213876538, 0.9783158097436107, 0.9870499775376291, 0.9870099143927843, 0.9874704386799719, 0.9875019012942534, 0.9866309466188958, 0.9868826100536571, 0.9785952180945435, 0.9786455552277472, 0.9870912032703522, 0.9869309165432582, 0.9875745151527175, 0.9874264592949097, 0.9864427261297701, 0.986933478506173, 0.978072890487094, 0.9784304093203241]
------------------------------------------------------
trigWsysErr
[0.01, 0.01, 0.01, 0.01, 0.01, 0.01, 0.01, 0.01, 0.01, 0.01, 0.01, 0.01, 0.01, 0.01, 0.01, 0.01, 0.01, 0.01, 0.01, 0.01, 0.01, 0.01, 0.01, 0.01, 0.01, 0.01, 0.01, 0.01, 0.01, 0.01, 0.01, 0.01, 0.01, 0.01, 0.01, 0.01, 0.01, 0.01, 0.01, 0.01, 0.01, 0.01, 0.01, 0.01, 0.01, 0.01]
------------------------------------------------------
trigWerr
[0.0018102701242121294, 0.0018187552721677439, 0.0017072716239710719, 0.001360219912076747, 0.0013515620349240215, 0.0013053981298660757, 0.0021986449323731626, 0.002108000074088783, 0.005412111224145361, 0.005201188308825471, 0.001818495600847496, 0.0018254913994115243, 0.0017892265182408858, 0.0013623125481549588, 0.0013565231027288227, 0.0013355737579431332, 0.002222821169431596, 0.0021089654827603204, 0.005406852444153865, 0.004971891031353966, 0.0018087690093789625, 0.0018476698784243189, 0.001778804216201851, 0.0013702987388923937, 0.001366992287313257, 0.0013503817100042038, 0.0022961598055086636, 0.0021899335804192294, 0.005538986038551084, 0.005162792815941984, 0.001876725042708843, 0.0018869811062535728, 0.0013834822832447604, 0.001369283503639707, 0.0020893921256248693, 0.002316910428766717, 0.005481984795883596, 0.00555009379414108, 0.0018435641952234277, 0.0019340005488045703, 0.0013612712516798112, 0.0014081099179430651, 0.0018097468889005576, 0.002375090477576947, 0.00457811381313531, 0.005188647611146736]
------------------------------------------------------
SF
[1.0121037535160886, 1.0121037535160886, 1.0121037535160886, 1.0121037535160886, 1.0121037535160886, 1.0121037535160886, 1.0121037535160886, 1.0121037535160886, 1.0121037535160886, 1.0121037535160886, 1.0121037535160886, 1.0121037535160886, 1.0121037535160886, 1.0121037535160886, 1.0121037535160886, 1.0121037535160886, 1.0121037535160886, 1.0121037535160886, 1.0121037535160886, 1.0121037535160886, 1.0121037535160886, 1.0121037535160886, 1.0121037535160886, 1.0121037535160886, 1.0121037535160886, 1.0121037535160886, 1.0121037535160886, 1.0121037535160886, 1.0121037535160886, 1.0121037535160886, 1.0121037535160886, 1.0121037535160886, 1.0121037535160886, 1.0121037535160886, 1.0121037535160886, 1.0121037535160886, 1.0121037535160886, 1.0121037535160886, 1.0121037535160886, 1.0121037535160886, 1.0121037535160886, 1.0121037535160886, 1.0121037535160886, 1.0121037535160886, 1.0121037535160886, 1.0121037535160886]
------------------------------------------------------
SFerr
[0.014333100082516856, 0.014333100082516856, 0.014333100082516856, 0.014333100082516856, 0.014333100082516856, 0.014333100082516856, 0.014333100082516856, 0.014333100082516856, 0.014333100082516856, 0.014333100082516856, 0.014333100082516856, 0.014333100082516856, 0.014333100082516856, 0.014333100082516856, 0.014333100082516856, 0.014333100082516856, 0.014333100082516856, 0.014333100082516856, 0.014333100082516856, 0.014333100082516856, 0.014333100082516856, 0.014333100082516856, 0.014333100082516856, 0.014333100082516856, 0.014333100082516856, 0.014333100082516856, 0.014333100082516856, 0.014333100082516856, 0.014333100082516856, 0.014333100082516856, 0.014333100082516856, 0.014333100082516856, 0.014333100082516856, 0.014333100082516856, 0.014333100082516856, 0.014333100082516856, 0.014333100082516856, 0.014333100082516856, 0.014333100082516856, 0.014333100082516856, 0.014333100082516856, 0.014333100082516856, 0.014333100082516856, 0.014333100082516856, 0.014333100082516856, 0.014333100082516856]
------------------------------------------------------
ZJetsHisto_Rzg
[12268.142578125, 1029.6083984375, 72.39533996582031, 9126.728515625, 2530.289306640625, 123.39778900146484, 2405.65869140625, 83.27269744873047, 336.6653137207031, 15.12742805480957, 8315.41796875, 2902.326904296875, 263.7760009765625, 5412.77099609375, 5494.69384765625, 453.0018310546875, 2565.296630859375, 309.53350830078125, 441.5506896972656, 44.243953704833984, 567.7879638671875, 944.9960327148438, 150.01231384277344, 275.7218017578125, 1356.1729736328125, 250.40521240234375, 408.0100402832031, 165.20713806152344, 88.084716796875, 23.218067169189453, 89.80988311767578, 37.25970458984375, 112.2542724609375, 59.491058349609375, 28.18962860107422, 36.19950485229492, 8.546917915344238, 5.574858665466309, 3.5437071323394775, 4.657069683074951, 3.9802558422088623, 7.114800930023193, 0.9654143452644348, 4.243536472320557, 0.5464163422584534, 0.7436253428459167]
------------------------------------------------------
GJetsHisto_Rzg
[25912.041015625, 2245.330322265625, 163.8551483154297, 19109.357421875, 5355.89453125, 259.0428771972656, 4974.2822265625, 169.56813049316406, 698.4918823242188, 23.84743881225586, 17625.6484375, 6448.71484375, 569.9171142578125, 11294.9716796875, 11852.8935546875, 954.6185302734375, 5306.49072265625, 626.7193603515625, 890.5332641601562, 75.45850372314453, 1195.9588623046875, 2033.1220703125, 314.4814453125, 595.79052734375, 2837.978759765625, 526.2357177734375, 853.74267578125, 326.1404113769531, 191.0659942626953, 42.480899810791016, 192.407470703125, 75.70343780517578, 223.5904541015625, 117.23198699951172, 51.83772277832031, 71.22054290771484, 19.368165969848633, 10.219657897949219, 7.37669038772583, 9.882719993591309, 7.987856864929199, 13.696481704711914, 1.3507746458053589, 8.44587230682373, 1.0892274379730225, 1.3356863260269165]
------------------------------------------------------
ZgR
[0.38492143154144287, 0.3728092908859253, 0.35920751094818115, 0.388296902179718, 0.3840900659561157, 0.38728493452072144, 0.39318639039993286, 0.39925768971443176, 0.39186087250709534, 0.5157250761985779, 0.3835604786872864, 0.3659047484397888, 0.3762863576412201, 0.38960936665534973, 0.3768894672393799, 0.3858024477958679, 0.39302942156791687, 0.401540607213974, 0.40311160683631897, 0.4766950309276581, 0.3859800398349762, 0.3778865337371826, 0.3878169357776642, 0.37624645233154297, 0.38850876688957214, 0.386863648891449, 0.38854268193244934, 0.4118310213088989, 0.3748107850551605, 0.44435209035873413, 0.37948715686798096, 0.4001461863517761, 0.40817323327064514, 0.4125726819038391, 0.4421181380748749, 0.41323038935661316, 0.35876983404159546, 0.44349873065948486, 0.390563040971756, 0.383116751909256, 0.40511247515678406, 0.4223267734050751, 0.581066370010376, 0.4084870517253876, 0.40784958004951477, 0.4526313245296478]
------------------------------------------------------
REr1
[0.006380430040307104, 0.012632221734531726, 0.03608097620485647, 0.006302708633164515, 0.008582956506494478, 0.028579689108984688, 0.008199970572583109, 0.03525489703107714, 0.017286972475462698, 0.08951934335495729, 0.007163390823011468, 0.007511279978930633, 0.019273513588421904, 0.007808279894376597, 0.005571788808305074, 0.014849254073308074, 0.007196695817893322, 0.0182318971754135, 0.015288476153361295, 0.051756445499824284, 0.026143640979042287, 0.013533446166784131, 0.025873274939218545, 0.034390675977373414, 0.011037915338621411, 0.019966666056679693, 0.01705712649884884, 0.02520627396200345, 0.03345518502985226, 0.06881967264549285, 0.04448690715615865, 0.05244078863679853, 0.03780939916564838, 0.04186415902768866, 0.06796215558078017, 0.053453826797398234, 0.10550924802737606, 0.14224028516751286, 0.20429518700848157, 0.1438590561413746, 0.1788812836501679, 0.12133958482018059, 0.380953207159414, 0.15492891099064726, 0.4414392388351014, 0.3913313378040182]
------------------------------------------------------
f
[0.980970848395, 0.979579982675, 0.97784011656, 0.982804183987, 0.992417156153, 0.989805871938, 0.986560350194, 0.993140177096, 1.0, 0.953618816921, 0.936163434222, 0.961005301397, 0.972139532712, 0.940385724616, 0.950197508549, 0.976655247901, 0.950450944646, 0.983798750782, 0.971620466278, 0.925226088907, 0.863168788586, 0.89820726474, 0.982895043944, 0.900606253693, 0.915769869158, 0.955916109115, 0.905015525661, 0.970899244113, 0.922902661284, 0.879589782771, 0.815529645074, 0.934845627087, 0.848863230508, 0.994014071109, 0.904401397286, 0.96992243711, 0.851114705095, 0.879589782771, 0.815529645074, 0.934845627087, 0.848863230508, 0.994014071109, 0.904401397286, 0.96992243711, 0.851114705095, 0.976828992242]
------------------------------------------------------
fsysErr
[0.005, 0.005, 0.005, 0.005, 0.005, 0.005, 0.005, 0.005, 0.005, 0.005, 0.005, 0.005, 0.005, 0.005, 0.005, 0.005, 0.005, 0.005, 0.005, 0.005, 0.005, 0.005, 0.005, 0.005, 0.005, 0.005, 0.005, 0.005, 0.005, 0.005, 0.005, 0.005, 0.005, 0.005, 0.005, 0.005, 0.005, 0.005, 0.005, 0.005, 0.005, 0.005, 0.005, 0.005, 0.005, 0.005]
------------------------------------------------------
ferrUp
[0.006267172784215567, 0.019478406570635775, 0.0026601024047169923, 0.003453600038677589, 0.0030319557205297962, 0.0024040902535270607, 0.005719404936201253, 0.0017241380371770848, 0.0, 0.004956618004352543, 0.006423991602062374, 0.009829849138301006, 0.003725445365395842, 0.004547695193401958, 0.008088820569143439, 0.003208218918399355, 0.006782699667851954, 0.002175435789493338, 0.008057133221769864, 0.021490096443658086, 0.017582641816975168, 0.025281549495007927, 0.012140341476459678, 0.010592699216279216, 0.01417104457600469, 0.010407411056343175, 0.012446664000899605, 0.0063953392834934855, 0.02124919568117404, 0.04858354488654359, 0.07094658181880065, 0.026454198598073436, 0.039540389614960085, 0.006020459823293357, 0.020642013927026682, 0.018511460306040676, 0.06262446768682099, 0.04858354488654359, 0.07094658181880065, 0.026454198598073436, 0.039540389614960085, 0.006020459823293357, 0.020642013927026682, 0.018511460306040676, 0.06262446768682099, 0.0031862049506603284]
------------------------------------------------------
ferrDn
[0.006267172784215567, 0.019478406570635775, 0.0026601024047169923, 0.003453600038677589, 0.0030319557205297962, 0.0024040902535270607, 0.005719404936201253, 0.0017241380371770848, 0.03, 0.004956618004352543, 0.006423991602062374, 0.009829849138301006, 0.003725445365395842, 0.004547695193401958, 0.008088820569143439, 0.003208218918399355, 0.006782699667851954, 0.002175435789493338, 0.008057133221769864, 0.021490096443658086, 0.017582641816975168, 0.025281549495007927, 0.012140341476459678, 0.010592699216279216, 0.01417104457600469, 0.010407411056343175, 0.012446664000899605, 0.0063953392834934855, 0.02124919568117404, 0.04858354488654359, 0.07094658181880065, 0.026454198598073436, 0.039540389614960085, 0.006020459823293357, 0.020642013927026682, 0.018511460306040676, 0.06262446768682099, 0.04858354488654359, 0.07094658181880065, 0.026454198598073436, 0.039540389614960085, 0.006020459823293357, 0.020642013927026682, 0.018511460306040676, 0.06262446768682099, 0.0031862049506603284]
------------------------------------------------------
purity
[0.9514919405632836, 0.9519680660349964, 0.9601326324451112, 0.9675715238782334, 0.9683031736500565, 0.9710110627814865, 0.9832038504564782, 0.9837150492762675, 0.9851525416369246, 0.986935133985, 0.9513266092824778, 0.9527895413464099, 0.9557976046772491, 0.9671480593251057, 0.9678549726205125, 0.9706688876136722, 0.9829509417291992, 0.9833864090519894, 0.9853084566936321, 0.9865588740869687, 0.9489960738916828, 0.9493518023577333, 0.9566788741652831, 0.9664978556352267, 0.9668072099002148, 0.9709703991664361, 0.9825154404107953, 0.9829974203351635, 0.9845896177375325, 0.9852550897891396, 0.9501573505896045, 0.9560237204564999, 0.9640419037320792, 0.968559811125976, 0.9820492083525942, 0.9817749982405715, 0.986935133985, 0.986935133985, 0.9399402649582222, 0.9319572359517778, 0.9535415419298887, 0.9689998331840001, 0.986935133985, 0.9869351339850001, 1.0, 1.0]
------------------------------------------------------
pErr
[0.011032444350379544, 0.010922450752001295, 0.009053262669162317, 0.016511573141568283, 0.01602908379801294, 0.014249681021302068, 0.008143298030894038, 0.007798549877897314, 0.0068310348051710415, 0.005635162143376008, 0.01107066462118926, 0.010732933547143608, 0.010041743390569517, 0.016791162049437217, 0.016324565183526773, 0.01447398249107166, 0.008313990120107577, 0.008020140916369975, 0.006726264705672101, 0.005887220620524197, 0.011610840429444913, 0.011528217514498427, 0.009840069303097146, 0.017220930458026733, 0.01701638292284266, 0.014276328414802029, 0.008608122772055865, 0.008282614388285672, 0.00720957843746808, 0.006762121883662994, 0.011341346335682609, 0.009989962471727069, 0.01884948372797293, 0.015860015884423206, 0.008923299752266071, 0.0091088080071058, 0.005635162143376007, 0.005635162143376008, 0.013735239335627644, 0.01564221414696957, 0.02590693115241181, 0.015570346084824556, 0.005635162143376008, 0.005635162143376007, 0.0, 0.0]
------------------------------------------------------
DR
[1.0, 1.0, 1.0, 1.0, 1.0, 1.0, 1.0, 1.0, 1.0, 1.0, 1.0, 1.0, 1.0, 1.0, 1.0, 1.0, 1.0, 1.0, 1.0, 1.0, 1.0, 1.0, 1.0, 1.0, 1.0, 1.0, 1.0, 1.0, 1.0, 1.0, 1.0, 1.0, 1.0, 1.0, 1.0, 1.0, 1.0, 1.0, 1.0, 1.0, 1.0, 1.0, 1.0, 1.0, 1.0, 1.0]
------------------------------------------------------
DRup
[0.0, 0.0, 0.0, 0.0, 0.0, 0.0, 0.0, 0.0, 0.0, 0.0, 0.0, 0.0, 0.0, 0.0, 0.0, 0.0, 0.0, 0.0, 0.0, 0.0, 0.0, 0.0, 0.0, 0.0, 0.0, 0.0, 0.0, 0.0, 0.0, 0.0, 0.0, 0.0, 0.0, 0.0, 0.0, 0.0, 0.0, 0.0, 0.0, 0.0, 0.0, 0.0, 0.0, 0.0, 0.0, 0.0]
------------------------------------------------------
DRlow
[0.0, 0.0, 0.0, 0.0, 0.0, 0.0, 0.0, 0.0, 0.0, 0.0, 0.0, 0.0, 0.0, 0.0, 0.0, 0.0, 0.0, 0.0, 0.0, 0.0, 0.0, 0.0, 0.0, 0.0, 0.0, 0.0, 0.0, 0.0, 0.0, 0.0, 0.0, 0.0, 0.0, 0.0, 0.0, 0.0, 0.0, 0.0, 0.0, 0.0, 0.0, 0.0, 0.0, 0.0, 0.0, 0.0]
------------------------------------------------------
Yield
[14252.33558852322, 990.9904514358547, 51.63331452402341, 10093.372440647325, 2651.426139109047, 96.44480846335304, 2422.692385511945, 67.18461151364295, 300.15629283448084, 12.745037256678735, 8976.532557532835, 2605.889988649234, 179.8581138988147, 5403.45484340545, 5082.475729788067, 311.3926705438762, 2219.92620894086, 221.73976924071692, 323.05000464743426, 28.127052966242, 522.7633847094567, 805.6824255153995, 101.82464229896941, 260.1780835605518, 1166.01512671865, 174.59597789085683, 310.96836840260374, 125.15387852018053, 52.956669167480406, 16.72324063065903, 78.88655362020724, 24.34386960182275, 92.91242868489381, 49.67827213655852, 27.133269518675768, 27.577108944612714, 3.6512850994232826, 1.5547862626245086, 2.6970645621558456, 3.00744537359908, 2.9525724096601933, 5.698533275777424, 1.0389835238872231, 3.5231692200731604, 0.0, 0.0]
------------------------------------------------------
YstatUp
[0.013968616411733293, 0.05385183699720005, 0.23956077565188874, 0.016376157133330765, 0.03195822784101114, 0.16686721862842682, 0.03287632861822391, 0.1952065622339843, 0.09244808292700078, 0.42098965713743397, 0.018050839343807742, 0.033828471650605665, 0.1260525177655534, 0.022847316877298143, 0.02381948759614059, 0.09368205179870871, 0.03500322146172731, 0.10766978271141207, 0.08912663576401719, 0.2844236831210712, 0.07774990378944169, 0.062034362939500286, 0.16403979146273048, 0.10830276409754866, 0.04991918844760044, 0.12626526653912723, 0.09641922377877084, 0.14248503291291595, 0.23433637049082726, 0.3921153004448268, 0.20752212883529306, 0.33873872092290064, 0.1794521167569469, 0.2250549265635846, 0.30614164862073273, 0.303389317645467, 1.0532275029791527, 1.675826335501333, 1.1123204249890144, 0.9975243528396428, 1.0160631421551707, 0.6566000768440691, 2.1062466311236343, 0.9745477850743708, 0.9632333005487058, 1.0689959877008919]
------------------------------------------------------
YstatLow
[0.013968616411733293, 0.05385183699720005, 0.23956077565188874, 0.016376157133330765, 0.03195822784101114, 0.16686721862842682, 0.03287632861822391, 0.1952065622339843, 0.09244808292700078, 0.42098965713743397, 0.018050839343807742, 0.033828471650605665, 0.1260525177655534, 0.022847316877298143, 0.02381948759614059, 0.09368205179870871, 0.03500322146172731, 0.10766978271141207, 0.08912663576401719, 0.2844236831210712, 0.07774990378944169, 0.062034362939500286, 0.16403979146273048, 0.10830276409754866, 0.04991918844760044, 0.12626526653912723, 0.09641922377877084, 0.14248503291291595, 0.23433637049082726, 0.3921153004448268, 0.20752212883529306, 0.33873872092290064, 0.1794521167569469, 0.2250549265635846, 0.30614164862073273, 0.303389317645467, 1.0532275029791527, 1.675826335501333, 1.1123204249890144, 0.9975243528396428, 1.0160631421551707, 0.6566000768440691, 2.1062466311236343, 0.9745477850743708, 0.9632333005487058, 1.0689959877008919]
------------------------------------------------------
YsysUp
[0.023139079637028496, 0.03149645865215229, 0.04152381350537677, 0.025623651050069626, 0.025924041027529696, 0.03684797838382834, 0.02239500414265489, 0.04051640678945936, 0.0265561887279562, 0.09180155808549903, 0.023428319093933538, 0.024535918575749553, 0.028632550865137756, 0.026379680492867666, 0.02636746461188576, 0.027794076699042044, 0.022412018408066833, 0.027135636148622168, 0.02652488165976075, 0.0594169228500756, 0.038225126235080904, 0.03590351446633671, 0.03531632927627415, 0.04386114217980078, 0.030733008200687348, 0.032296389892062266, 0.029251921212728686, 0.03286475132669799, 0.04454069900703388, 0.08659865274229671, 0.08645859339394628, 0.062319007872181385, 0.06066834342706902, 0.04871043570655508, 0.07388758979726293, 0.06015614662832931, 0.124283025148328, 0.15161021044032463, 0.21746823720517566, 0.14823666765301813, 0.1859177666345166, 0.12383213229826641, 0.38199071556540015, 0.15720520184950715, 0.4462530923371095, 0.3918006223469767]
------------------------------------------------------
YsysLow
[0.023139079637028496, 0.03149645865215229, 0.04152381350537677, 0.025623651050069626, 0.025924041027529696, 0.03684797838382834, 0.02239500414265489, 0.04051640678945936, 0.0400653361368007, 0.09180155808549903, 0.023428319093933538, 0.024535918575749553, 0.028632550865137756, 0.026379680492867666, 0.02636746461188576, 0.027794076699042044, 0.022412018408066833, 0.027135636148622168, 0.02652488165976075, 0.0594169228500756, 0.038225126235080904, 0.03590351446633671, 0.03531632927627415, 0.04386114217980078, 0.030733008200687348, 0.032296389892062266, 0.029251921212728686, 0.03286475132669799, 0.04454069900703388, 0.08659865274229671, 0.08645859339394628, 0.062319007872181385, 0.06066834342706902, 0.04871043570655508, 0.07388758979726293, 0.06015614662832931, 0.124283025148328, 0.15161021044032463, 0.21746823720517566, 0.14823666765301813, 0.1859177666345166, 0.12383213229826641, 0.38199071556540015, 0.15720520184950715, 0.4462530923371095, 0.3918006223469767]
------------------------------------------------------