 binIndex : nMCGJ( nMCerr)|nMCEBt |nMCECt |Nobs |nEB| pEB(pEBerr) |nEC| pEC(pECerr) | trigW(trigWsysErr,trigWerr) | SF(SFerr) | ZJetsHisto_Rzg | GJetsHisto_Rzg | ZgR(REr1) |f(fsysErr,+ferrUp-ferrDn) |purity(pErr)| DR(+DRup-DRlow) |Yield(+YstatUp-YstatLow,+YsysUp-YsysLow)
 1 : 26287.264( 0.015)|19219.572 |7067.34 |25972.895 |18989.725| 0.971(0.008) |6982.822| 0.891(0.022) | 0.987(0.01,0.002) | 1.012(0.014) | 12268.143 | 26311.877 | 0.379(0.006) |0.981(0.005,+0.006-0.006) |0.95(0.011)| 1.0(+0.0-0.0) |9178.612(+0.018-0.018,+0.023-0.023)
 2 : 2275.823( 0.018)|1651.408 |624.382 |2248.606 |1631.659| 0.971(0.008) |616.915| 0.891(0.022) | 0.987(0.01,0.002) | 1.012(0.014) | 1029.608 | 2277.763 | 0.368(0.013) |0.98(0.005,+0.019-0.019) |0.949(0.011)| 1.0(+0.0-0.0) |768.944(+0.062-0.062,+0.032-0.032)
 3 : 165.015( 0.033)|130.473 |34.542 |163.041 |128.912| 0.971(0.008) |34.129| 0.891(0.022) | 0.987(0.01,0.002) | 1.012(0.014) | 72.395 | 165.127 | 0.356(0.036) |0.978(0.005,+0.003-0.003) |0.954(0.011)| 1.0(+0.0-0.0) |54.267(+0.235-0.235,+0.042-0.042)
 4 : 19311.928( 0.015)|14759.547 |4552.725 |19080.977 |14583.037| 0.978(0.01) |4498.279| 0.924(0.036) | 0.988(0.01,0.001) | 1.012(0.014) | 9126.729 | 19323.703 | 0.384(0.006) |0.983(0.005,+0.003-0.003) |0.965(0.016)| 1.0(+0.0-0.0) |6952.559(+0.02-0.02,+0.025-0.025)
 5 : 5403.919( 0.016)|4187.125 |1216.809 |5339.293 |4137.051| 0.978(0.01) |1202.257| 0.924(0.036) | 0.988(0.01,0.001) | 1.012(0.014) | 2530.289 | 5406.165 | 0.381(0.009) |0.992(0.005,+0.003-0.003) |0.966(0.016)| 1.0(+0.0-0.0) |1947.826(+0.038-0.038,+0.026-0.026)
 6 : 260.761( 0.028)|214.361 |46.4 |257.643 |211.798| 0.978(0.01) |45.845| 0.924(0.036) | 0.988(0.01,0.001) | 1.012(0.014) | 123.398 | 260.867 | 0.385(0.029) |0.99(0.005,+0.002-0.002) |0.968(0.014)| 1.0(+0.0-0.0) |94.982(+0.169-0.169,+0.037-0.037)
 7 : 4978.718( 0.016)|4231.898 |746.865 |4919.178 |4181.289| 0.987(0.006) |737.933| 0.959(0.019) | 0.987(0.01,0.002) | 1.012(0.014) | 2405.659 | 4984.615 | 0.392(0.008) |0.987(0.005,+0.006-0.006) |0.983(0.008)| 1.0(+0.0-0.0) |1873.629(+0.037-0.037,+0.022-0.022)
 8 : 169.527( 0.033)|147.348 |22.179 |167.5 |145.586| 0.987(0.006) |21.914| 0.959(0.019) | 0.987(0.01,0.002) | 1.012(0.014) | 83.273 | 169.766 | 0.399(0.035) |0.993(0.005,+0.002-0.002) |0.983(0.008)| 1.0(+0.0-0.0) |65.314(+0.198-0.198,+0.04-0.04)
 9 : 692.297( 0.02)|650.97 |41.327 |684.018 |643.185| 0.987(0.006) |40.833| 0.959(0.019) | 0.978(0.01,0.005) | 1.012(0.014) | 336.665 | 698.492 | 0.392(0.017) |1.0(0.005,+0.0-0.03) |0.985(0.007)| 1.0(+0.0-0.0) |266.628(+0.098-0.098,+0.027-0.04)
 10 : 23.626( 0.08)|22.658 |0.968 |23.344 |22.387| 0.987(0.006) |0.957| 0.959(0.019) | 0.978(0.01,0.005) | 1.012(0.014) | 15.127 | 23.847 | 0.516(0.09) |0.954(0.005,+0.005-0.005) |0.986(0.006)| 1.0(+0.0-0.0) |11.428(+0.423-0.423,+0.092-0.092)
 11 : 17873.734( 0.016)|12967.856 |4905.649 |17659.982 |12812.773| 0.971(0.008) |4846.982| 0.891(0.022) | 0.987(0.01,0.002) | 1.012(0.014) | 8315.418 | 17890.684 | 0.378(0.007) |0.936(0.005,+0.006-0.006) |0.949(0.011)| 1.0(+0.0-0.0) |5934.37(+0.022-0.022,+0.024-0.024)
 12 : 6540.219( 0.016)|4707.575 |1832.946 |6462.004 |4651.277| 0.971(0.008) |1811.026| 0.891(0.022) | 0.987(0.01,0.002) | 1.012(0.014) | 2902.327 | 6545.57 | 0.36(0.008) |0.961(0.005,+0.01-0.01) |0.949(0.012)| 1.0(+0.0-0.0) |2125.631(+0.038-0.038,+0.025-0.025)
 13 : 576.397( 0.022)|430.157 |146.24 |569.504 |425.012| 0.971(0.008) |144.491| 0.891(0.022) | 0.987(0.01,0.002) | 1.012(0.014) | 263.776 | 576.874 | 0.372(0.019) |0.972(0.005,+0.004-0.004) |0.951(0.011)| 1.0(+0.0-0.0) |195.837(+0.122-0.122,+0.029-0.029)
 14 : 11416.799( 0.016)|8679.089 |2737.903 |11280.266 |8575.296| 0.978(0.01) |2705.16| 0.924(0.036) | 0.988(0.01,0.001) | 1.012(0.014) | 5412.771 | 11423.077 | 0.385(0.008) |0.94(0.005,+0.005-0.005) |0.965(0.016)| 1.0(+0.0-0.0) |3944.752(+0.027-0.027,+0.026-0.026)
 15 : 11960.888( 0.015)|9186.701 |2774.516 |11817.848 |9076.837| 0.978(0.01) |2741.336| 0.924(0.036) | 0.988(0.01,0.001) | 1.012(0.014) | 5494.694 | 11968.309 | 0.373(0.006) |0.95(0.005,+0.008-0.008) |0.965(0.016)| 1.0(+0.0-0.0) |4047.685(+0.027-0.027,+0.026-0.026)
 16 : 962.088( 0.019)|762.291 |199.8 |950.583 |753.174| 0.978(0.01) |197.411| 0.924(0.036) | 0.988(0.01,0.001) | 1.012(0.014) | 453.002 | 962.545 | 0.383(0.015) |0.977(0.005,+0.003-0.003) |0.966(0.015)| 1.0(+0.0-0.0) |343.485(+0.09-0.09,+0.028-0.028)
 17 : 5311.612( 0.016)|4488.756 |822.875 |5248.09 |4435.075| 0.987(0.006) |813.034| 0.959(0.019) | 0.987(0.01,0.002) | 1.012(0.014) | 2565.297 | 5317.701 | 0.392(0.007) |0.95(0.005,+0.007-0.007) |0.983(0.008)| 1.0(+0.0-0.0) |1924.587(+0.038-0.038,+0.022-0.022)
 18 : 626.561( 0.021)|544.242 |82.322 |619.068 |537.733| 0.987(0.006) |81.338| 0.959(0.019) | 0.987(0.01,0.002) | 1.012(0.014) | 309.534 | 627.449 | 0.401(0.018) |0.984(0.005,+0.002-0.002) |0.983(0.008)| 1.0(+0.0-0.0) |240.492(+0.103-0.103,+0.027-0.027)
 19 : 882.61( 0.019)|831.0 |51.609 |872.055 |821.063| 0.987(0.006) |50.992| 0.959(0.019) | 0.978(0.01,0.005) | 1.012(0.014) | 441.551 | 890.533 | 0.403(0.015) |0.972(0.005,+0.008-0.008) |0.985(0.007)| 1.0(+0.0-0.0) |339.771(+0.087-0.087,+0.027-0.027)
 20 : 74.733( 0.047)|72.847 |1.887 |73.839 |71.975| 0.987(0.006) |1.864| 0.959(0.019) | 0.978(0.01,0.005) | 1.012(0.014) | 44.244 | 75.459 | 0.477(0.052) |0.925(0.005,+0.021-0.021) |0.986(0.006)| 1.0(+0.0-0.0) |32.435(+0.265-0.265,+0.059-0.059)
 21 : 1211.811( 0.027)|888.149 |323.66 |1197.319 |877.527| 0.971(0.008) |319.789| 0.891(0.022) | 0.987(0.01,0.002) | 1.012(0.014) | 567.788 | 1212.85 | 0.381(0.026) |0.863(0.005,+0.018-0.018) |0.95(0.011)| 1.0(+0.0-0.0) |373.873(+0.093-0.093,+0.038-0.038)
 22 : 2061.165( 0.019)|1456.225 |604.907 |2036.515 |1438.81| 0.971(0.008) |597.673| 0.891(0.022) | 0.987(0.01,0.002) | 1.012(0.014) | 944.996 | 2063.06 | 0.372(0.014) |0.898(0.005,+0.025-0.025) |0.948(0.012)| 1.0(+0.0-0.0) |646.075(+0.07-0.07,+0.036-0.036)
 23 : 317.914( 0.026)|237.706 |80.209 |314.112 |234.864| 0.971(0.008) |79.25| 0.891(0.022) | 0.987(0.01,0.002) | 1.012(0.014) | 150.012 | 318.174 | 0.383(0.026) |0.983(0.005,+0.012-0.012) |0.951(0.011)| 1.0(+0.0-0.0) |112.62(+0.157-0.157,+0.036-0.036)
 24 : 602.631( 0.033)|449.877 |152.753 |595.424 |444.497| 0.978(0.01) |150.926| 0.924(0.036) | 0.987(0.01,0.001) | 1.012(0.014) | 275.722 | 602.965 | 0.372(0.034) |0.901(0.005,+0.011-0.011) |0.964(0.016)| 1.0(+0.0-0.0) |192.297(+0.127-0.127,+0.043-0.043)
 25 : 2866.572( 0.017)|2166.97 |699.543 |2832.291 |2141.055| 0.978(0.01) |691.177| 0.924(0.036) | 0.988(0.01,0.001) | 1.012(0.014) | 1356.173 | 2867.973 | 0.384(0.011) |0.916(0.005,+0.014-0.014) |0.965(0.016)| 1.0(+0.0-0.0) |962.294(+0.055-0.055,+0.03-0.03)
 26 : 530.944( 0.022)|412.12 |118.826 |524.595 |407.192| 0.978(0.01) |117.405| 0.924(0.036) | 0.988(0.01,0.001) | 1.012(0.014) | 250.405 | 531.215 | 0.383(0.02) |0.956(0.005,+0.01-0.01) |0.966(0.016)| 1.0(+0.0-0.0) |185.669(+0.123-0.123,+0.033-0.033)
 27 : 854.438( 0.021)|708.012 |146.431 |844.219 |699.544| 0.987(0.006) |144.68| 0.959(0.019) | 0.987(0.01,0.002) | 1.012(0.014) | 408.01 | 855.483 | 0.388(0.017) |0.905(0.005,+0.012-0.012) |0.982(0.008)| 1.0(+0.0-0.0) |291.293(+0.1-0.1,+0.029-0.029)
 28 : 326.068( 0.026)|277.411 |48.657 |322.169 |274.093| 0.987(0.006) |48.075| 0.959(0.019) | 0.987(0.01,0.002) | 1.012(0.014) | 165.207 | 326.498 | 0.411(0.025) |0.971(0.005,+0.006-0.006) |0.983(0.008)| 1.0(+0.0-0.0) |126.613(+0.142-0.142,+0.033-0.033)
 29 : 189.419( 0.032)|175.984 |13.436 |187.154 |173.879| 0.987(0.006) |13.275| 0.959(0.019) | 0.979(0.01,0.006) | 1.012(0.014) | 88.085 | 191.066 | 0.375(0.033) |0.923(0.005,+0.021-0.021) |0.985(0.007)| 1.0(+0.0-0.0) |64.372(+0.213-0.213,+0.044-0.044)
 30 : 42.085( 0.061)|40.472 |1.613 |41.581 |39.988| 0.987(0.006) |1.593| 0.959(0.019) | 0.978(0.01,0.005) | 1.012(0.014) | 23.218 | 42.481 | 0.444(0.069) |0.88(0.005,+0.049-0.049) |0.986(0.006)| 1.0(+0.0-0.0) |16.179(+0.399-0.399,+0.087-0.087)
 31 : 195.254( 0.041)|133.271 |61.983 |192.919 |131.677| 0.971(0.008) |61.242| 0.891(0.022) | 0.987(0.01,0.002) | 1.012(0.014) | 89.81 | 195.451 | 0.374(0.044) |0.816(0.005,+0.071-0.071) |0.946(0.012)| 1.0(+0.0-0.0) |55.636(+0.25-0.25,+0.087-0.087)
 32 : 76.587( 0.047)|51.365 |25.222 |75.671 |50.751| 0.971(0.008) |24.92| 0.891(0.022) | 0.987(0.01,0.002) | 1.012(0.014) | 37.26 | 76.667 | 0.395(0.052) |0.935(0.005,+0.026-0.026) |0.945(0.012)| 1.0(+0.0-0.0) |26.432(+0.329-0.329,+0.063-0.063)
 33 : 226.093( 0.036)|165.921 |60.172 |223.389 |163.936| 0.978(0.01) |59.453| 0.924(0.036) | 0.987(0.01,0.001) | 1.012(0.014) | 112.254 | 226.225 | 0.403(0.038) |0.849(0.005,+0.04-0.04) |0.963(0.017)| 1.0(+0.0-0.0) |73.739(+0.203-0.203,+0.06-0.06)
 34 : 118.264( 0.038)|88.952 |29.312 |116.849 |87.888| 0.978(0.01) |28.961| 0.924(0.036) | 0.988(0.01,0.001) | 1.012(0.014) | 59.491 | 118.328 | 0.409(0.042) |0.994(0.005,+0.006-0.006) |0.964(0.016)| 1.0(+0.0-0.0) |45.809(+0.236-0.236,+0.049-0.049)
 35 : 51.973( 0.061)|45.372 |6.602 |51.352 |44.829| 0.987(0.006) |6.523| 0.959(0.019) | 0.987(0.01,0.002) | 1.012(0.014) | 28.19 | 52.047 | 0.44(0.068) |0.904(0.005,+0.021-0.021) |0.983(0.008)| 1.0(+0.0-0.0) |20.137(+0.356-0.356,+0.074-0.074)
 36 : 71.284( 0.048)|58.659 |12.624 |70.431 |57.958| 0.987(0.006) |12.473| 0.959(0.019) | 0.987(0.01,0.002) | 1.012(0.014) | 36.2 | 71.367 | 0.412(0.053) |0.97(0.005,+0.019-0.019) |0.982(0.008)| 1.0(+0.0-0.0) |27.694(+0.303-0.303,+0.06-0.06)
 37 : 19.199( 0.089)|17.959 |1.239 |18.969 |17.744| 0.987(0.006) |1.225| 0.959(0.019) | 0.979(0.01,0.005) | 1.012(0.014) | 8.547 | 19.368 | 0.359(0.106) |0.851(0.005,+0.063-0.063) |0.985(0.007)| 1.0(+0.0-0.0) |5.76(+0.756-0.756,+0.124-0.124)
 38 : 10.131( 0.124)|9.46 |0.671 |10.009 |9.347| 0.987(0.006) |0.663| 0.959(0.019) | 0.979(0.01,0.006) | 1.012(0.014) | 5.575 | 10.22 | 0.443(0.142) |0.88(0.005,+0.049-0.049) |0.985(0.007)| 1.0(+0.0-0.0) |3.883(+0.815-0.815,+0.152-0.152)
 39 : 7.476( 0.18)|5.237 |2.239 |7.387 |5.175| 0.971(0.008) |2.212| 0.891(0.022) | 0.987(0.01,0.002) | 1.012(0.014) | 3.544 | 7.484 | 0.385(0.206) |0.816(0.005,+0.071-0.071) |0.947(0.012)| 1.0(+0.0-0.0) |2.199(+1.236-1.236,+0.219-0.219)
 40 : 9.914( 0.122)|6.39 |3.524 |9.795 |6.313| 0.971(0.008) |3.482| 0.891(0.022) | 0.987(0.01,0.002) | 1.012(0.014) | 4.657 | 9.925 | 0.381(0.144) |0.935(0.005,+0.026-0.026) |0.943(0.013)| 1.0(+0.0-0.0) |3.296(+0.949-0.949,+0.148-0.148)
 41 : 8.044( 0.152)|6.312 |1.733 |7.948 |6.236| 0.978(0.01) |1.712| 0.924(0.036) | 0.988(0.01,0.001) | 1.012(0.014) | 3.98 | 8.048 | 0.402(0.179) |0.849(0.005,+0.04-0.04) |0.966(0.015)| 1.0(+0.0-0.0) |2.622(+1.075-1.075,+0.185-0.185)
 42 : 13.815( 0.104)|9.726 |4.089 |13.65 |9.61| 0.978(0.01) |4.04| 0.924(0.036) | 0.987(0.01,0.001) | 1.012(0.014) | 7.115 | 13.824 | 0.418(0.121) |0.994(0.005,+0.006-0.006) |0.962(0.017)| 1.0(+0.0-0.0) |5.464(+0.676-0.676,+0.124-0.124)
 43 : 1.349( 0.335)|1.23 |0.119 |1.332 |1.215| 0.987(0.006) |0.117| 0.959(0.019) | 0.986(0.01,0.002) | 1.012(0.014) | 0.965 | 1.351 | 0.581(0.381) |0.904(0.005,+0.021-0.021) |0.984(0.007)| 1.0(+0.0-0.0) |0.69(+1.672-1.672,+0.382-0.382)
 44 : 8.476( 0.132)|6.929 |1.547 |8.375 |6.846| 0.987(0.006) |1.529| 0.959(0.019) | 0.987(0.01,0.002) | 1.012(0.014) | 4.244 | 8.486 | 0.407(0.155) |0.97(0.005,+0.019-0.019) |0.982(0.008)| 1.0(+0.0-0.0) |3.246(+0.892-0.892,+0.157-0.157)
 45 : 1.078( 0.376)|1.078 |0.0 |1.065 |1.065| 0.987(0.006) |0.0| 0.959(0.019) | 0.978(0.01,0.005) | 1.012(0.014) | 0.546 | 1.089 | 0.408(0.441) |0.851(0.005,+0.063-0.063) |0.987(0.006)| 1.0(+0.0-0.0) |0.369(+5.326-5.326,+0.446-0.446)
 46 : 1.324( 0.34)|1.223 |0.101 |1.308 |1.209| 0.987(0.006) |0.1| 0.959(0.019) | 0.978(0.01,0.005) | 1.012(0.014) | 0.744 | 1.336 | 0.453(0.391) |0.977(0.005,+0.003-0.003) |0.985(0.007)| 1.0(+0.0-0.0) |0.575(+1.988-1.988,+0.392-0.392)

binIndex
[1, 2, 3, 4, 5, 6, 7, 8, 9, 10, 11, 12, 13, 14, 15, 16, 17, 18, 19, 20, 21, 22, 23, 24, 25, 26, 27, 28, 29, 30, 31, 32, 33, 34, 35, 36, 37, 38, 39, 40, 41, 42, 43, 44, 45, 46]
------------------------------------------------------
nMCGJ
[26287.264044755615, 2275.823023481251, 165.01471731721375, 19311.927999658765, 5403.918948985221, 260.76136014238364, 4978.718249173706, 169.52723972264567, 692.2970053869399, 23.626407030919694, 17873.73449620783, 6540.218902942538, 576.3967322881459, 11416.799179721007, 11960.887971371936, 962.0882595921802, 5311.6119238403235, 626.5609160151985, 882.6101313596033, 74.7331969314744, 1211.8106527728055, 2061.16486106102, 317.9140572780758, 602.6312473434275, 2866.5723679639573, 530.9441065069202, 854.4377069505892, 326.0681208345024, 189.41947369298578, 42.084716028710346, 195.25383424036943, 76.58701654921606, 226.0925287411391, 118.26354988012297, 51.97316706820734, 71.28367226026705, 19.19861526580249, 10.13055747393588, 7.476484351290152, 9.913982003761149, 8.044200586615439, 13.815230327667997, 1.3485840735618375, 8.476097709620412, 1.0781581619194234, 1.3243335907716098]
------------------------------------------------------
nMCerr
[0.015332004809848013, 0.018059473673786585, 0.03332126603836178, 0.015343965055669602, 0.01618359479914643, 0.028043465764282693, 0.0160349674482644, 0.033131356282616535, 0.02049410164950659, 0.07950115757476778, 0.015593610650952033, 0.015747250568185787, 0.021595703331606063, 0.015867527841940714, 0.015134754340071353, 0.01901579425315857, 0.015640270722217978, 0.021073238886142185, 0.019338606871460495, 0.047323197803650484, 0.026627837383027174, 0.018549340807928173, 0.02608253343706494, 0.03318400601987839, 0.017268525720186167, 0.02209142565748057, 0.02055590267675037, 0.025792967508278013, 0.0315755413510299, 0.06097571555899549, 0.04110935711891237, 0.04661091545695382, 0.03607290209702021, 0.03834602397528832, 0.06140853587689497, 0.04761846704386778, 0.08918533471620406, 0.12357904994259991, 0.17995787652102294, 0.12154199899580083, 0.15235571193354133, 0.10434753805995414, 0.3346620796611781, 0.13217615802122148, 0.37602533752668027, 0.3401286326078027]
------------------------------------------------------
nMCEBt
[19219.57155538528, 1651.4082566728794, 130.47253787645784, 14759.546596062848, 4187.125118381077, 214.36147777043806, 4231.897860500731, 147.3482591246409, 650.9698266864675, 22.658027623597185, 12967.856089044988, 4707.575258253717, 430.1565426873512, 8679.089166319713, 9186.700710776047, 762.290738008412, 4488.756252301881, 544.2417438539132, 831.0004998952143, 72.84662941930324, 888.1485331006457, 1456.2253079950808, 237.70634827273884, 449.87690619454304, 2166.969732797609, 412.1203213085839, 708.0116087654313, 277.410942546836, 175.9838643163615, 40.471965236750655, 133.27098869371304, 51.365280899599234, 165.9206626051282, 88.95168252234717, 45.37165176685773, 58.65942459247993, 17.959249155554158, 9.459904185932148, 5.237380852281406, 6.389751439690878, 6.311520573046516, 9.725977932519665, 1.2297280529994874, 6.928629876092864, 1.0781581619194234, 1.2233702869325154]
------------------------------------------------------
nMCECt
[7067.340130983494, 624.3815942183055, 34.54233387553275, 4552.724866539614, 1216.8087798905415, 46.40010244150261, 746.8646187930626, 22.17905009365437, 41.32684280483265, 0.9683785627573233, 4905.649102406189, 1832.946089755789, 146.23991161819646, 2737.902748002794, 2774.516144896653, 199.80002342715306, 822.875130320325, 82.32206781335104, 51.60886315137433, 1.8865530339108232, 323.6597722635518, 604.9070599888918, 80.20919930093349, 152.7531520011028, 699.5428997946655, 118.82561525044186, 146.43066945455251, 48.657101070278, 13.435604550537489, 1.6127512745683639, 61.98304631186629, 25.22167194527137, 60.17225608382241, 29.311786279517953, 6.601521092653738, 12.62419747648464, 1.2393652656831473, 0.6706544945254269, 2.2391042229217617, 3.5242300814615932, 1.7326803755254316, 4.089253842974364, 0.11885596777702599, 1.547468316136226, 0.0, 0.10096333400213683]
------------------------------------------------------
Nobs
[25972.89453125, 2248.6064453125, 163.0413055419922, 19080.9765625, 5339.29345703125, 257.6429138183594, 4919.177734375, 167.49986267089844, 684.017822265625, 23.34385871887207, 17659.982421875, 6462.00439453125, 569.5036010742188, 11280.265625, 11817.84765625, 950.5826416015625, 5248.09033203125, 619.06787109375, 872.0549926757812, 73.83946228027344, 1197.318603515625, 2036.515380859375, 314.11212158203125, 595.4243774414062, 2832.291015625, 524.5945434570312, 844.219482421875, 322.1686706542969, 187.15420532226562, 41.581424713134766, 192.91879272460938, 75.67111206054688, 223.38868713378906, 116.84923553466797, 51.351619720458984, 70.43119049072266, 18.969018936157227, 10.009406089782715, 7.387073040008545, 9.79542064666748, 7.947999954223633, 13.65001392364502, 1.332456350326538, 8.37473201751709, 1.0652644634246826, 1.3084958791732788]
------------------------------------------------------
nEB
[18989.724609375, 1631.6590576171875, 128.91221618652344, 14583.037109375, 4137.05126953125, 211.7979278564453, 4181.28857421875, 145.58612060546875, 643.1848754882812, 22.387060165405273, 12812.7734375, 4651.27734375, 425.0122985839844, 8575.2958984375, 9076.8369140625, 753.1744995117188, 4435.0751953125, 537.733154296875, 821.0625610351562, 71.97545623779297, 877.5271606445312, 1438.810302734375, 234.86361694335938, 444.496826171875, 2141.054931640625, 407.1917724609375, 699.5444946289062, 274.0933837890625, 173.8792724609375, 39.98796081542969, 131.6772003173828, 50.75100326538086, 163.93641662597656, 87.88790893554688, 44.82905197143555, 57.957916259765625, 17.744474411010742, 9.346773147583008, 5.174746990203857, 6.313336372375488, 6.236041069030762, 9.609664916992188, 1.2150217294692993, 6.845770359039307, 1.0652644634246826, 1.208739995956421]
------------------------------------------------------
pEB
[0.9710918598856667, 0.9710918598856667, 0.9710918598856667, 0.977619477769, 0.977619477769, 0.977619477769, 0.9867390363393334, 0.9867390363393334, 0.9867390363393334, 0.9867390363393334, 0.9710918598856667, 0.9710918598856667, 0.9710918598856667, 0.977619477769, 0.977619477769, 0.977619477769, 0.9867390363393334, 0.9867390363393334, 0.9867390363393334, 0.9867390363393334, 0.9710918598856667, 0.9710918598856667, 0.9710918598856667, 0.977619477769, 0.977619477769, 0.977619477769, 0.9867390363393334, 0.9867390363393334, 0.9867390363393334, 0.9867390363393334, 0.9710918598856667, 0.9710918598856667, 0.977619477769, 0.977619477769, 0.9867390363393334, 0.9867390363393334, 0.9867390363393334, 0.9867390363393334, 0.9710918598856667, 0.9710918598856667, 0.977619477769, 0.977619477769, 0.9867390363393334, 0.9867390363393334, 0.9867390363393334, 0.9867390363393334]
------------------------------------------------------
pEBerr
[0.007719603300504769, 0.007719603300504769, 0.007719603300504769, 0.010028543094674975, 0.010028543094674975, 0.010028543094674975, 0.0059068255310504745, 0.0059068255310504745, 0.0059068255310504745, 0.0059068255310504745, 0.007719603300504769, 0.007719603300504769, 0.007719603300504769, 0.010028543094674975, 0.010028543094674975, 0.010028543094674975, 0.0059068255310504745, 0.0059068255310504745, 0.0059068255310504745, 0.0059068255310504745, 0.007719603300504769, 0.007719603300504769, 0.007719603300504769, 0.010028543094674975, 0.010028543094674975, 0.010028543094674975, 0.0059068255310504745, 0.0059068255310504745, 0.0059068255310504745, 0.0059068255310504745, 0.007719603300504769, 0.007719603300504769, 0.010028543094674975, 0.010028543094674975, 0.0059068255310504745, 0.0059068255310504745, 0.0059068255310504745, 0.0059068255310504745, 0.007719603300504769, 0.007719603300504769, 0.010028543094674975, 0.010028543094674975, 0.0059068255310504745, 0.0059068255310504745, 0.0059068255310504745, 0.0059068255310504745]
------------------------------------------------------
nEC
[6982.82177734375, 616.9146118164062, 34.129241943359375, 4498.27880859375, 1202.2569580078125, 45.8452033996582, 737.932861328125, 21.91381072998047, 40.83261489868164, 0.95679771900177, 4846.982421875, 1811.02587890625, 144.49102783203125, 2705.16015625, 2741.335693359375, 197.41061401367188, 813.0343627929688, 81.33757781982422, 50.99167251586914, 1.8639917373657227, 319.78912353515625, 597.6729736328125, 79.2499771118164, 150.92637634277344, 691.1770629882812, 117.40457916259766, 144.67950439453125, 48.07521057128906, 13.274928092956543, 1.5934643745422363, 61.241790771484375, 24.920045852661133, 59.45265579223633, 28.961246490478516, 6.522573471069336, 12.473224639892578, 1.2245436906814575, 0.6626341342926025, 2.212326765060425, 3.482083797454834, 1.7119592428207397, 4.040350437164307, 0.11743456870317459, 1.5289621353149414, 0.0, 0.0997559130191803]
------------------------------------------------------
pEC
[0.890908659186, 0.890908659186, 0.890908659186, 0.9240572811866666, 0.9240572811866666, 0.9240572811866666, 0.959449968467, 0.959449968467, 0.959449968467, 0.959449968467, 0.890908659186, 0.890908659186, 0.890908659186, 0.9240572811866666, 0.9240572811866666, 0.9240572811866666, 0.959449968467, 0.959449968467, 0.959449968467, 0.959449968467, 0.890908659186, 0.890908659186, 0.890908659186, 0.9240572811866666, 0.9240572811866666, 0.9240572811866666, 0.959449968467, 0.959449968467, 0.959449968467, 0.959449968467, 0.890908659186, 0.890908659186, 0.9240572811866666, 0.9240572811866666, 0.959449968467, 0.959449968467, 0.959449968467, 0.959449968467, 0.890908659186, 0.890908659186, 0.9240572811866666, 0.9240572811866666, 0.959449968467, 0.959449968467, 0.959449968467, 0.959449968467]
------------------------------------------------------
pECerr
[0.02234046444018748, 0.02234046444018748, 0.02234046444018748, 0.035886887173358875, 0.035886887173358875, 0.035886887173358875, 0.019061709777552744, 0.019061709777552744, 0.019061709777552744, 0.019061709777552744, 0.02234046444018748, 0.02234046444018748, 0.02234046444018748, 0.035886887173358875, 0.035886887173358875, 0.035886887173358875, 0.019061709777552744, 0.019061709777552744, 0.019061709777552744, 0.019061709777552744, 0.02234046444018748, 0.02234046444018748, 0.02234046444018748, 0.035886887173358875, 0.035886887173358875, 0.035886887173358875, 0.019061709777552744, 0.019061709777552744, 0.019061709777552744, 0.019061709777552744, 0.02234046444018748, 0.02234046444018748, 0.035886887173358875, 0.035886887173358875, 0.019061709777552744, 0.019061709777552744, 0.019061709777552744, 0.019061709777552744, 0.02234046444018748, 0.02234046444018748, 0.035886887173358875, 0.035886887173358875, 0.019061709777552744, 0.019061709777552744, 0.019061709777552744, 0.019061709777552744]
------------------------------------------------------
trigW
[0.9871907904582173, 0.9871757732317329, 0.9873721666679083, 0.9875276350957345, 0.9875488071556755, 0.9876445705056858, 0.9867464424404828, 0.9866582633302683, 0.9784837556438741, 0.9783378899336935, 0.9871736331179162, 0.9871578565218848, 0.9872361824668503, 0.9875185966716759, 0.9875367833813463, 0.987582794056401, 0.986770474963261, 0.9866569261674089, 0.978484410968589, 0.9782327761351988, 0.9871992956971912, 0.9871170799295736, 0.9872482537820119, 0.9874907205572667, 0.9875093937294934, 0.9875536384773165, 0.9868532792852652, 0.9867414444400424, 0.9785843213876538, 0.9783158097436107, 0.9870499775376291, 0.9870099143927843, 0.9874704386799719, 0.9875019012942534, 0.9866309466188958, 0.9868826100536571, 0.9785952180945435, 0.9786455552277472, 0.9870912032703522, 0.9869309165432582, 0.9875745151527175, 0.9874264592949097, 0.9864427261297701, 0.986933478506173, 0.978072890487094, 0.9784304093203241]
------------------------------------------------------
trigWsysErr
[0.01, 0.01, 0.01, 0.01, 0.01, 0.01, 0.01, 0.01, 0.01, 0.01, 0.01, 0.01, 0.01, 0.01, 0.01, 0.01, 0.01, 0.01, 0.01, 0.01, 0.01, 0.01, 0.01, 0.01, 0.01, 0.01, 0.01, 0.01, 0.01, 0.01, 0.01, 0.01, 0.01, 0.01, 0.01, 0.01, 0.01, 0.01, 0.01, 0.01, 0.01, 0.01, 0.01, 0.01, 0.01, 0.01]
------------------------------------------------------
trigWerr
[0.0018102701242121294, 0.0018187552721677439, 0.0017072716239710719, 0.001360219912076747, 0.0013515620349240215, 0.0013053981298660757, 0.0021986449323731626, 0.002108000074088783, 0.005412111224145361, 0.005201188308825471, 0.001818495600847496, 0.0018254913994115243, 0.0017892265182408858, 0.0013623125481549588, 0.0013565231027288227, 0.0013355737579431332, 0.002222821169431596, 0.0021089654827603204, 0.005406852444153865, 0.004971891031353966, 0.0018087690093789625, 0.0018476698784243189, 0.001778804216201851, 0.0013702987388923937, 0.001366992287313257, 0.0013503817100042038, 0.0022961598055086636, 0.0021899335804192294, 0.005538986038551084, 0.005162792815941984, 0.001876725042708843, 0.0018869811062535728, 0.0013834822832447604, 0.001369283503639707, 0.0020893921256248693, 0.002316910428766717, 0.005481984795883596, 0.00555009379414108, 0.0018435641952234277, 0.0019340005488045703, 0.0013612712516798112, 0.0014081099179430651, 0.0018097468889005576, 0.002375090477576947, 0.00457811381313531, 0.005188647611146736]
------------------------------------------------------
SF
[1.0121037535160886, 1.0121037535160886, 1.0121037535160886, 1.0121037535160886, 1.0121037535160886, 1.0121037535160886, 1.0121037535160886, 1.0121037535160886, 1.0121037535160886, 1.0121037535160886, 1.0121037535160886, 1.0121037535160886, 1.0121037535160886, 1.0121037535160886, 1.0121037535160886, 1.0121037535160886, 1.0121037535160886, 1.0121037535160886, 1.0121037535160886, 1.0121037535160886, 1.0121037535160886, 1.0121037535160886, 1.0121037535160886, 1.0121037535160886, 1.0121037535160886, 1.0121037535160886, 1.0121037535160886, 1.0121037535160886, 1.0121037535160886, 1.0121037535160886, 1.0121037535160886, 1.0121037535160886, 1.0121037535160886, 1.0121037535160886, 1.0121037535160886, 1.0121037535160886, 1.0121037535160886, 1.0121037535160886, 1.0121037535160886, 1.0121037535160886, 1.0121037535160886, 1.0121037535160886, 1.0121037535160886, 1.0121037535160886, 1.0121037535160886, 1.0121037535160886]
------------------------------------------------------
SFerr
[0.014333100082516856, 0.014333100082516856, 0.014333100082516856, 0.014333100082516856, 0.014333100082516856, 0.014333100082516856, 0.014333100082516856, 0.014333100082516856, 0.014333100082516856, 0.014333100082516856, 0.014333100082516856, 0.014333100082516856, 0.014333100082516856, 0.014333100082516856, 0.014333100082516856, 0.014333100082516856, 0.014333100082516856, 0.014333100082516856, 0.014333100082516856, 0.014333100082516856, 0.014333100082516856, 0.014333100082516856, 0.014333100082516856, 0.014333100082516856, 0.014333100082516856, 0.014333100082516856, 0.014333100082516856, 0.014333100082516856, 0.014333100082516856, 0.014333100082516856, 0.014333100082516856, 0.014333100082516856, 0.014333100082516856, 0.014333100082516856, 0.014333100082516856, 0.014333100082516856, 0.014333100082516856, 0.014333100082516856, 0.014333100082516856, 0.014333100082516856, 0.014333100082516856, 0.014333100082516856, 0.014333100082516856, 0.014333100082516856, 0.014333100082516856, 0.014333100082516856]
------------------------------------------------------
ZJetsHisto_Rzg
[12268.142578125, 1029.6083984375, 72.39533996582031, 9126.728515625, 2530.289306640625, 123.39778900146484, 2405.65869140625, 83.27269744873047, 336.6653137207031, 15.12742805480957, 8315.41796875, 2902.326904296875, 263.7760009765625, 5412.77099609375, 5494.69384765625, 453.0018310546875, 2565.296630859375, 309.53350830078125, 441.5506896972656, 44.243953704833984, 567.7879638671875, 944.9960327148438, 150.01231384277344, 275.7218017578125, 1356.1729736328125, 250.40521240234375, 408.0100402832031, 165.20713806152344, 88.084716796875, 23.218067169189453, 89.80988311767578, 37.25970458984375, 112.2542724609375, 59.491058349609375, 28.18962860107422, 36.19950485229492, 8.546917915344238, 5.574858665466309, 3.5437071323394775, 4.657069683074951, 3.9802558422088623, 7.114800930023193, 0.9654143452644348, 4.243536472320557, 0.5464163422584534, 0.7436253428459167]
------------------------------------------------------
GJetsHisto_Rzg
[26311.876953125, 2277.76318359375, 165.12667846679688, 19323.703125, 5406.1650390625, 260.8668518066406, 4984.61474609375, 169.76609802246094, 698.4918823242188, 23.84743881225586, 17890.68359375, 6545.56982421875, 576.8735961914062, 11423.0771484375, 11968.30859375, 962.5446166992188, 5317.701171875, 627.4486083984375, 890.5332641601562, 75.45850372314453, 1212.8504638671875, 2063.060302734375, 318.17388916015625, 602.96533203125, 2867.972900390625, 531.215087890625, 855.482666015625, 326.4983215332031, 191.0659942626953, 42.480899810791016, 195.45095825195312, 76.66690826416016, 226.2245330810547, 118.32762145996094, 52.04730224609375, 71.36731719970703, 19.368165969848633, 10.219657897949219, 7.483615398406982, 9.925128936767578, 8.048050880432129, 13.824097633361816, 1.3507746458053589, 8.485819816589355, 1.0892274379730225, 1.3356863260269165]
------------------------------------------------------
ZgR
[0.3790721297264099, 0.367500901222229, 0.3564414978027344, 0.38398978114128113, 0.38051849603652954, 0.38457706570625305, 0.39237135648727417, 0.3987920880317688, 0.39186087250709534, 0.5157250761985779, 0.3778783679008484, 0.36049044132232666, 0.37174874544143677, 0.3852400481700897, 0.3732549846172333, 0.382625550031662, 0.39220085740089417, 0.4010739028453827, 0.40311160683631897, 0.4766950309276581, 0.38060441613197327, 0.3724028170108795, 0.3833162784576416, 0.37176939845085144, 0.3844456076622009, 0.383237361907959, 0.3877524137496948, 0.4113795757293701, 0.3748107850551605, 0.44435209035873413, 0.37357792258262634, 0.3951175808906555, 0.4034205973148346, 0.40875253081321716, 0.4403378367424011, 0.41238048672676086, 0.35876983404159546, 0.44349873065948486, 0.38498273491859436, 0.38147974014282227, 0.40208250284194946, 0.41842809319496155, 0.581066370010376, 0.4065641164779663, 0.40784958004951477, 0.4526313245296478]
------------------------------------------------------
REr1
[0.00637332072560132, 0.01261861992245158, 0.03606522010141065, 0.006299456232774607, 0.008574826877960776, 0.02857044115363383, 0.008201971062138005, 0.035249039317891764, 0.017286972475462698, 0.08951934335495729, 0.007154118766626968, 0.007505024236027295, 0.019255905228876574, 0.007801921404505421, 0.005567796721569503, 0.014841275138196474, 0.007197327641349249, 0.018229728729946645, 0.015288476153361295, 0.051756445499824284, 0.02609439614127287, 0.01351872923380575, 0.02584401704522473, 0.034362145500185064, 0.011029288913691827, 0.019953981589264203, 0.017060435544757984, 0.025205879499881345, 0.03345518502985226, 0.06881967264549285, 0.044421642003519377, 0.0524178670287356, 0.03777509425614516, 0.041836654895689177, 0.0678981165907574, 0.053442289048738566, 0.10550924802737606, 0.14224028516751286, 0.20604827157653402, 0.14387148460207483, 0.1786448622788947, 0.12132367447822834, 0.380953207159414, 0.1547851716735576, 0.4414392388351014, 0.3913313378040182]
------------------------------------------------------
f
[0.980970848395, 0.979579982675, 0.97784011656, 0.982804183987, 0.992417156153, 0.989805871938, 0.986560350194, 0.993140177096, 1.0, 0.953618816921, 0.936163434222, 0.961005301397, 0.972139532712, 0.940385724616, 0.950197508549, 0.976655247901, 0.950450944646, 0.983798750782, 0.971620466278, 0.925226088907, 0.863168788586, 0.89820726474, 0.982895043944, 0.900606253693, 0.915769869158, 0.955916109115, 0.905015525661, 0.970899244113, 0.922902661284, 0.879589782771, 0.815529645074, 0.934845627087, 0.848863230508, 0.994014071109, 0.904401397286, 0.96992243711, 0.851114705095, 0.879589782771, 0.815529645074, 0.934845627087, 0.848863230508, 0.994014071109, 0.904401397286, 0.96992243711, 0.851114705095, 0.976828992242]
------------------------------------------------------
fsysErr
[0.005, 0.005, 0.005, 0.005, 0.005, 0.005, 0.005, 0.005, 0.005, 0.005, 0.005, 0.005, 0.005, 0.005, 0.005, 0.005, 0.005, 0.005, 0.005, 0.005, 0.005, 0.005, 0.005, 0.005, 0.005, 0.005, 0.005, 0.005, 0.005, 0.005, 0.005, 0.005, 0.005, 0.005, 0.005, 0.005, 0.005, 0.005, 0.005, 0.005, 0.005, 0.005, 0.005, 0.005, 0.005, 0.005]
------------------------------------------------------
ferrUp
[0.006267172784215567, 0.019478406570635775, 0.0026601024047169923, 0.003453600038677589, 0.0030319557205297962, 0.0024040902535270607, 0.005719404936201253, 0.0017241380371770848, 0.0, 0.004956618004352543, 0.006423991602062374, 0.009829849138301006, 0.003725445365395842, 0.004547695193401958, 0.008088820569143439, 0.003208218918399355, 0.006782699667851954, 0.002175435789493338, 0.008057133221769864, 0.021490096443658086, 0.017582641816975168, 0.025281549495007927, 0.012140341476459678, 0.010592699216279216, 0.01417104457600469, 0.010407411056343175, 0.012446664000899605, 0.0063953392834934855, 0.02124919568117404, 0.04858354488654359, 0.07094658181880065, 0.026454198598073436, 0.039540389614960085, 0.006020459823293357, 0.020642013927026682, 0.018511460306040676, 0.06262446768682099, 0.04858354488654359, 0.07094658181880065, 0.026454198598073436, 0.039540389614960085, 0.006020459823293357, 0.020642013927026682, 0.018511460306040676, 0.06262446768682099, 0.0031862049506603284]
------------------------------------------------------
ferrDn
[0.006267172784215567, 0.019478406570635775, 0.0026601024047169923, 0.003453600038677589, 0.0030319557205297962, 0.0024040902535270607, 0.005719404936201253, 0.0017241380371770848, 0.03, 0.004956618004352543, 0.006423991602062374, 0.009829849138301006, 0.003725445365395842, 0.004547695193401958, 0.008088820569143439, 0.003208218918399355, 0.006782699667851954, 0.002175435789493338, 0.008057133221769864, 0.021490096443658086, 0.017582641816975168, 0.025281549495007927, 0.012140341476459678, 0.010592699216279216, 0.01417104457600469, 0.010407411056343175, 0.012446664000899605, 0.0063953392834934855, 0.02124919568117404, 0.04858354488654359, 0.07094658181880065, 0.026454198598073436, 0.039540389614960085, 0.006020459823293357, 0.020642013927026682, 0.018511460306040676, 0.06262446768682099, 0.04858354488654359, 0.07094658181880065, 0.026454198598073436, 0.039540389614960085, 0.006020459823293357, 0.020642013927026682, 0.018511460306040676, 0.06262446768682099, 0.0031862049506603284]
------------------------------------------------------
purity
[0.9495342893769441, 0.9490929417242295, 0.9543072218686794, 0.9649925868950245, 0.9655588285644545, 0.9680885821271183, 0.9826454007504793, 0.983168841034869, 0.985110007820275, 0.9856205357888577, 0.9490843889208492, 0.9486209471913314, 0.9507482507326385, 0.9647747559445178, 0.9651952252061571, 0.9664960697071747, 0.9825114283477033, 0.9831536194127294, 0.9851433612555223, 0.9860501552814529, 0.9496758682944744, 0.9475594633500786, 0.9508618636662589, 0.9640426668469703, 0.9645481750680966, 0.9656322667841895, 0.9820623524026945, 0.9826668588918035, 0.984803410995863, 0.9856932771506965, 0.9456378453642301, 0.9446858689375063, 0.9633644616108061, 0.9643440033153189, 0.983272837390021, 0.9819061929487962, 0.9849773923940064, 0.9849324690415895, 0.9470780965345605, 0.9425882715613677, 0.9660824503524087, 0.9617652798972729, 0.9843339443897553, 0.981756912849065, 0.9867390363393334, 0.984658597369388]
------------------------------------------------------
pErr
[0.011407781590781116, 0.011485039772565844, 0.010576841932758993, 0.015865865414214975, 0.015600826172997267, 0.014420517905569826, 0.007833609464194287, 0.007586343020170685, 0.006671655010109337, 0.006431689935999732, 0.011486537655844809, 0.01156774226006439, 0.011195646881824528, 0.015967907833882262, 0.015770981304853864, 0.015162816619083253, 0.007896938646714785, 0.007593529801324058, 0.0066559701959728644, 0.0062299470633851725, 0.01138301332549778, 0.011754035571176213, 0.011175821212072674, 0.01631119124942085, 0.01607409804089104, 0.015566474910601293, 0.008109344309637568, 0.007823467736674578, 0.006815885257708876, 0.006397519315792987, 0.012092348655837316, 0.012260459987599817, 0.016629673572116796, 0.016169828649362047, 0.007537247830501913, 0.00818325073408568, 0.006734029358830659, 0.006755162420147859, 0.011838654386281884, 0.012632077129235905, 0.01535601239991207, 0.017382420807371946, 0.007036907342808209, 0.008253923310073805, 0.005906825531050475, 0.0068840401726444735]
------------------------------------------------------
DR
[1.0, 1.0, 1.0, 1.0, 1.0, 1.0, 1.0, 1.0, 1.0, 1.0, 1.0, 1.0, 1.0, 1.0, 1.0, 1.0, 1.0, 1.0, 1.0, 1.0, 1.0, 1.0, 1.0, 1.0, 1.0, 1.0, 1.0, 1.0, 1.0, 1.0, 1.0, 1.0, 1.0, 1.0, 1.0, 1.0, 1.0, 1.0, 1.0, 1.0, 1.0, 1.0, 1.0, 1.0, 1.0, 1.0]
------------------------------------------------------
DRup
[0.0, 0.0, 0.0, 0.0, 0.0, 0.0, 0.0, 0.0, 0.0, 0.0, 0.0, 0.0, 0.0, 0.0, 0.0, 0.0, 0.0, 0.0, 0.0, 0.0, 0.0, 0.0, 0.0, 0.0, 0.0, 0.0, 0.0, 0.0, 0.0, 0.0, 0.0, 0.0, 0.0, 0.0, 0.0, 0.0, 0.0, 0.0, 0.0, 0.0, 0.0, 0.0, 0.0, 0.0, 0.0, 0.0]
------------------------------------------------------
DRlow
[0.0, 0.0, 0.0, 0.0, 0.0, 0.0, 0.0, 0.0, 0.0, 0.0, 0.0, 0.0, 0.0, 0.0, 0.0, 0.0, 0.0, 0.0, 0.0, 0.0, 0.0, 0.0, 0.0, 0.0, 0.0, 0.0, 0.0, 0.0, 0.0, 0.0, 0.0, 0.0, 0.0, 0.0, 0.0, 0.0, 0.0, 0.0, 0.0, 0.0, 0.0, 0.0, 0.0, 0.0, 0.0, 0.0]
------------------------------------------------------
Yield
[9178.61194968632, 768.943890541809, 54.26708022479791, 6952.5587813229595, 1947.8260171902807, 94.98201046663384, 1873.62877059336, 65.31426312129962, 266.62764912509226, 11.42777091709197, 5934.37036917508, 2125.6313058360984, 195.83658016250703, 3944.752200954691, 4047.684749541181, 343.4850233033021, 1924.587083334743, 240.49226973338713, 339.7707122968873, 32.434611226271905, 373.8728862563829, 646.0753033238954, 112.62042448670654, 192.29701730431577, 962.2938954197738, 185.66879922174752, 291.29274753727293, 126.61291147984495, 64.37152704497835, 16.178731264130903, 55.63609033819812, 26.432417089097164, 73.73933171006985, 45.80865840595715, 20.137042993509166, 27.693592897441448, 5.760325203333735, 3.882727478022502, 2.1986541339832284, 3.2964363223580757, 2.621984109160696, 5.463686930208943, 0.690375691164735, 3.2458470093485148, 0.3685968381960188, 0.5752627009730422]
------------------------------------------------------
YstatUp
[0.017558210688524416, 0.061667864532132466, 0.2352949302663125, 0.019868244308307137, 0.03751391014531701, 0.1689926928525976, 0.037433862400211876, 0.1981523764382931, 0.0980908323865022, 0.422790080599878, 0.02239327946819053, 0.037818624437445436, 0.12185807576067186, 0.02692424921724115, 0.026857679306646128, 0.08976100341152536, 0.03764123634376048, 0.10345917595658848, 0.08691321331509153, 0.26493267463678294, 0.0925508632484032, 0.06984853213377505, 0.15737154409878593, 0.1268937783913236, 0.055304017529658585, 0.12335981353540376, 0.09974684665079855, 0.14176323187404816, 0.21252301953993533, 0.39857056660192547, 0.249649607377207, 0.3291000884009121, 0.20268973975417426, 0.23597457687572743, 0.3558618237834049, 0.30304216363132713, 0.7560933579950997, 0.8148304897244906, 1.2361731343964328, 0.9494385119011736, 1.075223833612458, 0.6762087150122041, 1.6720181827319092, 0.8915740634285565, 5.326151503013443, 1.9884742368378105]
------------------------------------------------------
YstatLow
[0.017558210688524416, 0.061667864532132466, 0.2352949302663125, 0.019868244308307137, 0.03751391014531701, 0.1689926928525976, 0.037433862400211876, 0.1981523764382931, 0.0980908323865022, 0.422790080599878, 0.02239327946819053, 0.037818624437445436, 0.12185807576067186, 0.02692424921724115, 0.026857679306646128, 0.08976100341152536, 0.03764123634376048, 0.10345917595658848, 0.08691321331509153, 0.26493267463678294, 0.0925508632484032, 0.06984853213377505, 0.15737154409878593, 0.1268937783913236, 0.055304017529658585, 0.12335981353540376, 0.09974684665079855, 0.14176323187404816, 0.21252301953993533, 0.39857056660192547, 0.249649607377207, 0.3291000884009121, 0.20268973975417426, 0.23597457687572743, 0.3558618237834049, 0.30304216363132713, 0.7560933579950997, 0.8148304897244906, 1.2361731343964328, 0.9494385119011736, 1.075223833612458, 0.6762087150122041, 1.6720181827319092, 0.8915740634285565, 5.326151503013443, 1.9884742368378105]
------------------------------------------------------
YsysUp
[0.023318425943867134, 0.031690529477608614, 0.04186882331055898, 0.025211587486360997, 0.025658734705125683, 0.03690722038542214, 0.022284998471617665, 0.04047099513865474, 0.026515638853689474, 0.09185389294948774, 0.02362486645412539, 0.02491052309135968, 0.029045661086736414, 0.025861539846262726, 0.026027507424919695, 0.028154726768667506, 0.022260882100175284, 0.027011159150768897, 0.026507143365953657, 0.05945185947259927, 0.038122817300337536, 0.03597112424054948, 0.03569036271009513, 0.043489455694994496, 0.030218318484554915, 0.0328793554687577, 0.029110985532754832, 0.03275174713511348, 0.04447867060328397, 0.08657094557533332, 0.08652678487576154, 0.06270386544772862, 0.05999414955878741, 0.04878860198021047, 0.0736740144000863, 0.06001269737245884, 0.12433769516539778, 0.15165596947268498, 0.21900524632082236, 0.147961401026648, 0.18451430070260258, 0.12405744238063275, 0.3820139654394006, 0.15717929124231195, 0.44629218344968474, 0.39186109488003124]
------------------------------------------------------
YsysLow
[0.023318425943867134, 0.031690529477608614, 0.04186882331055898, 0.025211587486360997, 0.025658734705125683, 0.03690722038542214, 0.022284998471617665, 0.04047099513865474, 0.040038470298193046, 0.09185389294948774, 0.02362486645412539, 0.02491052309135968, 0.029045661086736414, 0.025861539846262726, 0.026027507424919695, 0.028154726768667506, 0.022260882100175284, 0.027011159150768897, 0.026507143365953657, 0.05945185947259927, 0.038122817300337536, 0.03597112424054948, 0.03569036271009513, 0.043489455694994496, 0.030218318484554915, 0.0328793554687577, 0.029110985532754832, 0.03275174713511348, 0.04447867060328397, 0.08657094557533332, 0.08652678487576154, 0.06270386544772862, 0.05999414955878741, 0.04878860198021047, 0.0736740144000863, 0.06001269737245884, 0.12433769516539778, 0.15165596947268498, 0.21900524632082236, 0.147961401026648, 0.18451430070260258, 0.12405744238063275, 0.3820139654394006, 0.15717929124231195, 0.44629218344968474, 0.39186109488003124]
------------------------------------------------------