 binIndex : nMCGJ( nMCerr)|nMCEBt |nMCECt |Nobs |nEB| pEB(pEBerr) |nEC| pEC(pECerr) | trigW(trigWsysErr,trigWerr) | SF(SFerr) | ZJetsHisto_Rzg | GJetsHisto_Rzg | ZgR(REr1) |f(fsysErr,+ferrUp-ferrDn) |purity(pErr)| DR(+DRup-DRlow) |Yield(+YstatUp-YstatLow,+YsysUp-YsysLow)
 1 : 26287.264( 0.015)|19219.572 |7067.34 |39635.0 |28392.0| 0.971(0.008) |11243.0| 0.891(0.022) | 0.987(0.01,0.002) | 1.012(0.014) | 12268.143 | 26311.877 | 0.379(0.006) |0.981(0.005,+0.006-0.006) |0.948(0.012)| 1.0(+0.0-0.0) |13989.361(+0.014-0.014,+0.023-0.023)
 2 : 2275.823( 0.018)|1651.408 |624.382 |2848.0 |2059.0| 0.971(0.008) |789.0| 0.891(0.022) | 0.987(0.01,0.002) | 1.012(0.014) | 1029.608 | 2277.763 | 0.368(0.013) |0.98(0.005,+0.019-0.019) |0.949(0.012)| 1.0(+0.0-0.0) |973.709(+0.055-0.055,+0.032-0.032)
 3 : 165.015( 0.033)|130.473 |34.542 |153.0 |128.0| 0.971(0.008) |25.0| 0.891(0.022) | 0.987(0.01,0.002) | 1.012(0.014) | 72.395 | 165.127 | 0.356(0.036) |0.978(0.005,+0.003-0.003) |0.958(0.01)| 1.0(+0.0-0.0) |51.121(+0.242-0.242,+0.042-0.042)
 4 : 19311.928( 0.015)|14759.547 |4552.725 |27321.0 |20605.0| 0.978(0.01) |6716.0| 0.924(0.036) | 0.988(0.01,0.001) | 1.012(0.014) | 9126.729 | 19323.703 | 0.384(0.006) |0.983(0.005,+0.003-0.003) |0.964(0.016)| 1.0(+0.0-0.0) |9949.242(+0.017-0.017,+0.025-0.025)
 5 : 5403.919( 0.016)|4187.125 |1216.809 |7180.0 |5531.0| 0.978(0.01) |1649.0| 0.924(0.036) | 0.988(0.01,0.001) | 1.012(0.014) | 2530.289 | 5406.165 | 0.381(0.009) |0.992(0.005,+0.003-0.003) |0.965(0.016)| 1.0(+0.0-0.0) |2618.673(+0.032-0.032,+0.026-0.026)
 6 : 260.761( 0.028)|214.361 |46.4 |259.0 |215.0| 0.978(0.01) |44.0| 0.924(0.036) | 0.988(0.01,0.001) | 1.012(0.014) | 123.398 | 260.867 | 0.385(0.029) |0.99(0.005,+0.002-0.002) |0.969(0.014)| 1.0(+0.0-0.0) |95.525(+0.168-0.168,+0.037-0.037)
 7 : 4978.718( 0.016)|4231.898 |746.865 |6344.0 |5361.0| 0.987(0.006) |983.0| 0.959(0.019) | 0.987(0.01,0.002) | 1.012(0.014) | 2405.659 | 4984.615 | 0.392(0.008) |0.987(0.005,+0.006-0.006) |0.983(0.008)| 1.0(+0.0-0.0) |2415.966(+0.033-0.033,+0.022-0.022)
 8 : 169.527( 0.033)|147.348 |22.179 |172.0 |149.0| 0.987(0.006) |23.0| 0.959(0.019) | 0.987(0.01,0.002) | 1.012(0.014) | 83.273 | 169.766 | 0.399(0.035) |0.993(0.005,+0.002-0.002) |0.983(0.008)| 1.0(+0.0-0.0) |67.064(+0.196-0.196,+0.04-0.04)
 9 : 692.297( 0.02)|650.97 |41.327 |770.0 |713.0| 0.987(0.006) |57.0| 0.959(0.019) | 0.978(0.01,0.005) | 1.012(0.014) | 336.665 | 698.492 | 0.392(0.017) |1.0(0.005,+0.0-0.03) |0.985(0.007)| 1.0(+0.0-0.0) |300.024(+0.092-0.092,+0.027-0.04)
 10 : 23.626( 0.08)|22.658 |0.968 |26.0 |26.0| 0.987(0.006) |0.0| 0.959(0.019) | 0.978(0.01,0.005) | 1.012(0.014) | 15.127 | 23.847 | 0.516(0.09) |0.954(0.005,+0.005-0.005) |0.987(0.006)| 1.0(+0.0-0.0) |12.743(+0.421-0.421,+0.092-0.092)
 11 : 17873.734( 0.016)|12967.856 |4905.649 |26255.0 |18747.0| 0.971(0.008) |7508.0| 0.891(0.022) | 0.987(0.01,0.002) | 1.012(0.014) | 8315.418 | 17890.684 | 0.378(0.007) |0.936(0.005,+0.006-0.006) |0.948(0.012)| 1.0(+0.0-0.0) |8814.138(+0.018-0.018,+0.024-0.024)
 12 : 6540.219( 0.016)|4707.575 |1832.946 |7771.0 |5707.0| 0.971(0.008) |2064.0| 0.891(0.022) | 0.987(0.01,0.002) | 1.012(0.014) | 2902.327 | 6545.57 | 0.36(0.008) |0.961(0.005,+0.01-0.01) |0.95(0.011)| 1.0(+0.0-0.0) |2559.262(+0.034-0.034,+0.025-0.025)
 13 : 576.397( 0.022)|430.157 |146.24 |514.0 |399.0| 0.971(0.008) |115.0| 0.891(0.022) | 0.987(0.01,0.002) | 1.012(0.014) | 263.776 | 576.874 | 0.372(0.019) |0.972(0.005,+0.004-0.004) |0.953(0.011)| 1.0(+0.0-0.0) |177.197(+0.128-0.128,+0.029-0.029)
 14 : 11416.799( 0.016)|8679.089 |2737.903 |15241.0 |11352.0| 0.978(0.01) |3889.0| 0.924(0.036) | 0.988(0.01,0.001) | 1.012(0.014) | 5412.771 | 11423.077 | 0.385(0.008) |0.94(0.005,+0.005-0.005) |0.964(0.016)| 1.0(+0.0-0.0) |5325.202(+0.023-0.023,+0.026-0.026)
 15 : 11960.888( 0.015)|9186.701 |2774.516 |14656.0 |11145.0| 0.978(0.01) |3511.0| 0.924(0.036) | 0.988(0.01,0.001) | 1.012(0.014) | 5494.694 | 11968.309 | 0.373(0.006) |0.95(0.005,+0.008-0.008) |0.965(0.016)| 1.0(+0.0-0.0) |5017.514(+0.024-0.024,+0.026-0.026)
 16 : 962.088( 0.019)|762.291 |199.8 |851.0 |700.0| 0.978(0.01) |151.0| 0.924(0.036) | 0.988(0.01,0.001) | 1.012(0.014) | 453.002 | 962.545 | 0.383(0.015) |0.977(0.005,+0.003-0.003) |0.968(0.014)| 1.0(+0.0-0.0) |308.016(+0.095-0.095,+0.028-0.028)
 17 : 5311.612( 0.016)|4488.756 |822.875 |6038.0 |5039.0| 0.987(0.006) |999.0| 0.959(0.019) | 0.987(0.01,0.002) | 1.012(0.014) | 2565.297 | 5317.701 | 0.392(0.007) |0.95(0.005,+0.007-0.007) |0.982(0.008)| 1.0(+0.0-0.0) |2213.608(+0.035-0.035,+0.022-0.022)
 18 : 626.561( 0.021)|544.242 |82.322 |570.0 |486.0| 0.987(0.006) |84.0| 0.959(0.019) | 0.987(0.01,0.002) | 1.012(0.014) | 309.534 | 627.449 | 0.401(0.018) |0.984(0.005,+0.002-0.002) |0.983(0.008)| 1.0(+0.0-0.0) |221.331(+0.108-0.108,+0.027-0.027)
 19 : 882.61( 0.019)|831.0 |51.609 |829.0 |773.0| 0.987(0.006) |56.0| 0.959(0.019) | 0.978(0.01,0.005) | 1.012(0.014) | 441.551 | 890.533 | 0.403(0.015) |0.972(0.005,+0.008-0.008) |0.985(0.007)| 1.0(+0.0-0.0) |322.915(+0.089-0.089,+0.027-0.027)
 20 : 74.733( 0.047)|72.847 |1.887 |64.0 |63.0| 0.987(0.006) |1.0| 0.959(0.019) | 0.978(0.01,0.005) | 1.012(0.014) | 44.244 | 75.459 | 0.477(0.052) |0.925(0.005,+0.021-0.021) |0.986(0.006)| 1.0(+0.0-0.0) |28.12(+0.284-0.284,+0.059-0.059)
 21 : 1211.811( 0.027)|888.149 |323.66 |1652.0 |1126.0| 0.971(0.008) |526.0| 0.891(0.022) | 0.987(0.01,0.002) | 1.012(0.014) | 567.788 | 1212.85 | 0.381(0.026) |0.863(0.005,+0.018-0.018) |0.946(0.012)| 1.0(+0.0-0.0) |513.617(+0.079-0.079,+0.038-0.038)
 22 : 2061.165( 0.019)|1456.225 |604.907 |2498.0 |1715.0| 0.971(0.008) |783.0| 0.891(0.022) | 0.987(0.01,0.002) | 1.012(0.014) | 944.996 | 2063.06 | 0.372(0.014) |0.898(0.005,+0.025-0.025) |0.946(0.012)| 1.0(+0.0-0.0) |791.153(+0.063-0.063,+0.036-0.036)
 23 : 317.914( 0.026)|237.706 |80.209 |279.0 |220.0| 0.971(0.008) |59.0| 0.891(0.022) | 0.987(0.01,0.002) | 1.012(0.014) | 150.012 | 318.174 | 0.383(0.026) |0.983(0.005,+0.012-0.012) |0.954(0.011)| 1.0(+0.0-0.0) |100.375(+0.166-0.166,+0.036-0.036)
 24 : 602.631( 0.033)|449.877 |152.753 |794.0 |580.0| 0.978(0.01) |214.0| 0.924(0.036) | 0.987(0.01,0.001) | 1.012(0.014) | 275.722 | 602.965 | 0.372(0.034) |0.901(0.005,+0.011-0.011) |0.963(0.017)| 1.0(+0.0-0.0) |256.201(+0.11-0.11,+0.044-0.044)
 25 : 2866.572( 0.017)|2166.97 |699.543 |3388.0 |2498.0| 0.978(0.01) |890.0| 0.924(0.036) | 0.988(0.01,0.001) | 1.012(0.014) | 1356.173 | 2867.973 | 0.384(0.011) |0.916(0.005,+0.014-0.014) |0.964(0.017)| 1.0(+0.0-0.0) |1149.932(+0.051-0.051,+0.03-0.03)
 26 : 530.944( 0.022)|412.12 |118.826 |486.0 |403.0| 0.978(0.01) |83.0| 0.924(0.036) | 0.988(0.01,0.001) | 1.012(0.014) | 250.405 | 531.215 | 0.383(0.02) |0.956(0.005,+0.01-0.01) |0.968(0.014)| 1.0(+0.0-0.0) |172.514(+0.128-0.128,+0.032-0.032)
 27 : 854.438( 0.021)|708.012 |146.431 |899.0 |734.0| 0.987(0.006) |165.0| 0.959(0.019) | 0.987(0.01,0.002) | 1.012(0.014) | 408.01 | 855.483 | 0.388(0.017) |0.905(0.005,+0.012-0.012) |0.982(0.008)| 1.0(+0.0-0.0) |310.088(+0.097-0.097,+0.029-0.029)
 28 : 326.068( 0.026)|277.411 |48.657 |318.0 |266.0| 0.987(0.006) |52.0| 0.959(0.019) | 0.987(0.01,0.002) | 1.012(0.014) | 165.207 | 326.498 | 0.411(0.025) |0.971(0.005,+0.006-0.006) |0.982(0.008)| 1.0(+0.0-0.0) |124.925(+0.143-0.143,+0.033-0.033)
 29 : 189.419( 0.032)|175.984 |13.436 |154.0 |139.0| 0.987(0.006) |15.0| 0.959(0.019) | 0.979(0.01,0.006) | 1.012(0.014) | 88.085 | 191.066 | 0.375(0.033) |0.923(0.005,+0.021-0.021) |0.984(0.007)| 1.0(+0.0-0.0) |52.929(+0.234-0.234,+0.045-0.045)
 30 : 42.085( 0.061)|40.472 |1.613 |43.0 |40.0| 0.987(0.006) |3.0| 0.959(0.019) | 0.978(0.01,0.005) | 1.012(0.014) | 23.218 | 42.481 | 0.444(0.069) |0.88(0.005,+0.049-0.049) |0.985(0.007)| 1.0(+0.0-0.0) |16.716(+0.392-0.392,+0.087-0.087)
 31 : 195.254( 0.041)|133.271 |61.983 |268.0 |187.0| 0.971(0.008) |81.0| 0.891(0.022) | 0.987(0.01,0.002) | 1.012(0.014) | 89.81 | 195.451 | 0.374(0.044) |0.816(0.005,+0.071-0.071) |0.947(0.012)| 1.0(+0.0-0.0) |77.388(+0.212-0.212,+0.086-0.086)
 32 : 76.587( 0.047)|51.365 |25.222 |68.0 |53.0| 0.971(0.008) |15.0| 0.891(0.022) | 0.987(0.01,0.002) | 1.012(0.014) | 37.26 | 76.667 | 0.395(0.052) |0.935(0.005,+0.026-0.026) |0.953(0.011)| 1.0(+0.0-0.0) |23.972(+0.344-0.344,+0.062-0.062)
 33 : 226.093( 0.036)|165.921 |60.172 |278.0 |188.0| 0.978(0.01) |90.0| 0.924(0.036) | 0.987(0.01,0.001) | 1.012(0.014) | 112.254 | 226.225 | 0.403(0.038) |0.849(0.005,+0.04-0.04) |0.96(0.018)| 1.0(+0.0-0.0) |91.472(+0.182-0.182,+0.06-0.06)
 34 : 118.264( 0.038)|88.952 |29.312 |125.0 |97.0| 0.978(0.01) |28.0| 0.924(0.036) | 0.988(0.01,0.001) | 1.012(0.014) | 59.491 | 118.328 | 0.409(0.042) |0.994(0.005,+0.006-0.006) |0.966(0.016)| 1.0(+0.0-0.0) |49.069(+0.228-0.228,+0.049-0.049)
 35 : 51.973( 0.061)|45.372 |6.602 |69.0 |55.0| 0.987(0.006) |14.0| 0.959(0.019) | 0.987(0.01,0.002) | 1.012(0.014) | 28.19 | 52.047 | 0.44(0.068) |0.904(0.005,+0.021-0.021) |0.981(0.009)| 1.0(+0.0-0.0) |27.001(+0.308-0.308,+0.074-0.074)
 36 : 71.284( 0.048)|58.659 |12.624 |70.0 |55.0| 0.987(0.006) |15.0| 0.959(0.019) | 0.987(0.01,0.002) | 1.012(0.014) | 36.2 | 71.367 | 0.412(0.053) |0.97(0.005,+0.019-0.019) |0.981(0.009)| 1.0(+0.0-0.0) |27.496(+0.304-0.304,+0.06-0.06)
 37 : 19.199( 0.089)|17.959 |1.239 |12.0 |12.0| 0.987(0.006) |0.0| 0.959(0.019) | 0.979(0.01,0.005) | 1.012(0.014) | 8.547 | 19.368 | 0.359(0.106) |0.851(0.005,+0.063-0.063) |0.987(0.006)| 1.0(+0.0-0.0) |3.651(+1.053-1.053,+0.124-0.124)
 38 : 10.131( 0.124)|9.46 |0.671 |4.0 |4.0| 0.987(0.006) |0.0| 0.959(0.019) | 0.979(0.01,0.006) | 1.012(0.014) | 5.575 | 10.22 | 0.443(0.142) |0.88(0.005,+0.049-0.049) |0.987(0.006)| 1.0(+0.0-0.0) |1.554(+1.676-1.676,+0.152-0.152)
 39 : 7.476( 0.18)|5.237 |2.239 |9.0 |5.0| 0.971(0.008) |4.0| 0.891(0.022) | 0.987(0.01,0.002) | 1.012(0.014) | 3.544 | 7.484 | 0.385(0.206) |0.816(0.005,+0.071-0.071) |0.935(0.014)| 1.0(+0.0-0.0) |2.646(+1.134-1.134,+0.219-0.219)
 40 : 9.914( 0.122)|6.39 |3.524 |9.0 |4.0| 0.971(0.008) |5.0| 0.891(0.022) | 0.987(0.01,0.002) | 1.012(0.014) | 4.657 | 9.925 | 0.381(0.144) |0.935(0.005,+0.026-0.026) |0.927(0.016)| 1.0(+0.0-0.0) |2.977(+1.008-1.008,+0.148-0.148)
 41 : 8.044( 0.152)|6.312 |1.733 |9.0 |4.0| 0.978(0.01) |5.0| 0.924(0.036) | 0.988(0.01,0.001) | 1.012(0.014) | 3.98 | 8.048 | 0.402(0.179) |0.849(0.005,+0.04-0.04) |0.948(0.024)| 1.0(+0.0-0.0) |2.913(+1.03-1.03,+0.185-0.185)
 42 : 13.815( 0.104)|9.726 |4.089 |14.0 |11.0| 0.978(0.01) |3.0| 0.924(0.036) | 0.987(0.01,0.001) | 1.012(0.014) | 7.115 | 13.824 | 0.418(0.121) |0.994(0.005,+0.006-0.006) |0.966(0.015)| 1.0(+0.0-0.0) |5.629(+0.665-0.665,+0.124-0.124)
 43 : 1.349( 0.335)|1.23 |0.119 |2.0 |2.0| 0.987(0.006) |0.0| 0.959(0.019) | 0.986(0.01,0.002) | 1.012(0.014) | 0.965 | 1.351 | 0.581(0.381) |0.904(0.005,+0.021-0.021) |0.987(0.006)| 1.0(+0.0-0.0) |1.039(+2.107-2.107,+0.382-0.382)
 44 : 8.476( 0.132)|6.929 |1.547 |9.0 |9.0| 0.987(0.006) |0.0| 0.959(0.019) | 0.987(0.01,0.002) | 1.012(0.014) | 4.244 | 8.486 | 0.407(0.155) |0.97(0.005,+0.019-0.019) |0.987(0.006)| 1.0(+0.0-0.0) |3.506(+0.979-0.979,+0.157-0.157)
 45 : 1.078( 0.376)|1.078 |0.0 |0.0 |0.0| 0.987(0.006) |0.0| 0.959(0.019) | 0.978(0.01,0.005) | 1.012(0.014) | 0.546 | 1.089 | 0.408(0.441) |0.851(0.005,+0.063-0.063) |1.0(0.0)| 1.0(+0.0-0.0) |0.0(+0.963-0.963,+0.446-0.446)
 46 : 1.324( 0.34)|1.223 |0.101 |0.0 |0.0| 0.987(0.006) |0.0| 0.959(0.019) | 0.978(0.01,0.005) | 1.012(0.014) | 0.744 | 1.336 | 0.453(0.391) |0.977(0.005,+0.003-0.003) |1.0(0.0)| 1.0(+0.0-0.0) |0.0(+1.069-1.069,+0.392-0.392)

binIndex
[1, 2, 3, 4, 5, 6, 7, 8, 9, 10, 11, 12, 13, 14, 15, 16, 17, 18, 19, 20, 21, 22, 23, 24, 25, 26, 27, 28, 29, 30, 31, 32, 33, 34, 35, 36, 37, 38, 39, 40, 41, 42, 43, 44, 45, 46]
------------------------------------------------------
nMCGJ
[26287.264044755615, 2275.823023481251, 165.01471731721375, 19311.927999658765, 5403.918948985221, 260.76136014238364, 4978.718249173706, 169.52723972264567, 692.2970053869399, 23.626407030919694, 17873.73449620783, 6540.218902942538, 576.3967322881459, 11416.799179721007, 11960.887971371936, 962.0882595921802, 5311.6119238403235, 626.5609160151985, 882.6101313596033, 74.7331969314744, 1211.8106527728055, 2061.16486106102, 317.9140572780758, 602.6312473434275, 2866.5723679639573, 530.9441065069202, 854.4377069505892, 326.0681208345024, 189.41947369298578, 42.084716028710346, 195.25383424036943, 76.58701654921606, 226.0925287411391, 118.26354988012297, 51.97316706820734, 71.28367226026705, 19.19861526580249, 10.13055747393588, 7.476484351290152, 9.913982003761149, 8.044200586615439, 13.815230327667997, 1.3485840735618375, 8.476097709620412, 1.0781581619194234, 1.3243335907716098]
------------------------------------------------------
nMCerr
[0.015332004809848013, 0.018059473673786585, 0.03332126603836178, 0.015343965055669602, 0.01618359479914643, 0.028043465764282693, 0.0160349674482644, 0.033131356282616535, 0.02049410164950659, 0.07950115757476778, 0.015593610650952033, 0.015747250568185787, 0.021595703331606063, 0.015867527841940714, 0.015134754340071353, 0.01901579425315857, 0.015640270722217978, 0.021073238886142185, 0.019338606871460495, 0.047323197803650484, 0.026627837383027174, 0.018549340807928173, 0.02608253343706494, 0.03318400601987839, 0.017268525720186167, 0.02209142565748057, 0.02055590267675037, 0.025792967508278013, 0.0315755413510299, 0.06097571555899549, 0.04110935711891237, 0.04661091545695382, 0.03607290209702021, 0.03834602397528832, 0.06140853587689497, 0.04761846704386778, 0.08918533471620406, 0.12357904994259991, 0.17995787652102294, 0.12154199899580083, 0.15235571193354133, 0.10434753805995414, 0.3346620796611781, 0.13217615802122148, 0.37602533752668027, 0.3401286326078027]
------------------------------------------------------
nMCEBt
[19219.57155538528, 1651.4082566728794, 130.47253787645784, 14759.546596062848, 4187.125118381077, 214.36147777043806, 4231.897860500731, 147.3482591246409, 650.9698266864675, 22.658027623597185, 12967.856089044988, 4707.575258253717, 430.1565426873512, 8679.089166319713, 9186.700710776047, 762.290738008412, 4488.756252301881, 544.2417438539132, 831.0004998952143, 72.84662941930324, 888.1485331006457, 1456.2253079950808, 237.70634827273884, 449.87690619454304, 2166.969732797609, 412.1203213085839, 708.0116087654313, 277.410942546836, 175.9838643163615, 40.471965236750655, 133.27098869371304, 51.365280899599234, 165.9206626051282, 88.95168252234717, 45.37165176685773, 58.65942459247993, 17.959249155554158, 9.459904185932148, 5.237380852281406, 6.389751439690878, 6.311520573046516, 9.725977932519665, 1.2297280529994874, 6.928629876092864, 1.0781581619194234, 1.2233702869325154]
------------------------------------------------------
nMCECt
[7067.340130983494, 624.3815942183055, 34.54233387553275, 4552.724866539614, 1216.8087798905415, 46.40010244150261, 746.8646187930626, 22.17905009365437, 41.32684280483265, 0.9683785627573233, 4905.649102406189, 1832.946089755789, 146.23991161819646, 2737.902748002794, 2774.516144896653, 199.80002342715306, 822.875130320325, 82.32206781335104, 51.60886315137433, 1.8865530339108232, 323.6597722635518, 604.9070599888918, 80.20919930093349, 152.7531520011028, 699.5428997946655, 118.82561525044186, 146.43066945455251, 48.657101070278, 13.435604550537489, 1.6127512745683639, 61.98304631186629, 25.22167194527137, 60.17225608382241, 29.311786279517953, 6.601521092653738, 12.62419747648464, 1.2393652656831473, 0.6706544945254269, 2.2391042229217617, 3.5242300814615932, 1.7326803755254316, 4.089253842974364, 0.11885596777702599, 1.547468316136226, 0.0, 0.10096333400213683]
------------------------------------------------------
Nobs
[39635.0, 2848.0, 153.0, 27321.0, 7180.0, 259.0, 6344.0, 172.0, 770.0, 26.0, 26255.0, 7771.0, 514.0, 15241.0, 14656.0, 851.0, 6038.0, 570.0, 829.0, 64.0, 1652.0, 2498.0, 279.0, 794.0, 3388.0, 486.0, 899.0, 318.0, 154.0, 43.0, 268.0, 68.0, 278.0, 125.0, 69.0, 70.0, 12.0, 4.0, 9.0, 9.0, 9.0, 14.0, 2.0, 9.0, 0.0, 0.0]
------------------------------------------------------
nEB
[28392.0, 2059.0, 128.0, 20605.0, 5531.0, 215.0, 5361.0, 149.0, 713.0, 26.0, 18747.0, 5707.0, 399.0, 11352.0, 11145.0, 700.0, 5039.0, 486.0, 773.0, 63.0, 1126.0, 1715.0, 220.0, 580.0, 2498.0, 403.0, 734.0, 266.0, 139.0, 40.0, 187.0, 53.0, 188.0, 97.0, 55.0, 55.0, 12.0, 4.0, 5.0, 4.0, 4.0, 11.0, 2.0, 9.0, 0.0, 0.0]
------------------------------------------------------
pEB
[0.9710918598856667, 0.9710918598856667, 0.9710918598856667, 0.977619477769, 0.977619477769, 0.977619477769, 0.9867390363393334, 0.9867390363393334, 0.9867390363393334, 0.9867390363393334, 0.9710918598856667, 0.9710918598856667, 0.9710918598856667, 0.977619477769, 0.977619477769, 0.977619477769, 0.9867390363393334, 0.9867390363393334, 0.9867390363393334, 0.9867390363393334, 0.9710918598856667, 0.9710918598856667, 0.9710918598856667, 0.977619477769, 0.977619477769, 0.977619477769, 0.9867390363393334, 0.9867390363393334, 0.9867390363393334, 0.9867390363393334, 0.9710918598856667, 0.9710918598856667, 0.977619477769, 0.977619477769, 0.9867390363393334, 0.9867390363393334, 0.9867390363393334, 0.9867390363393334, 0.9710918598856667, 0.9710918598856667, 0.977619477769, 0.977619477769, 0.9867390363393334, 0.9867390363393334, 0.9867390363393334, 0.9867390363393334]
------------------------------------------------------
pEBerr
[0.007719603300504769, 0.007719603300504769, 0.007719603300504769, 0.010028543094674975, 0.010028543094674975, 0.010028543094674975, 0.0059068255310504745, 0.0059068255310504745, 0.0059068255310504745, 0.0059068255310504745, 0.007719603300504769, 0.007719603300504769, 0.007719603300504769, 0.010028543094674975, 0.010028543094674975, 0.010028543094674975, 0.0059068255310504745, 0.0059068255310504745, 0.0059068255310504745, 0.0059068255310504745, 0.007719603300504769, 0.007719603300504769, 0.007719603300504769, 0.010028543094674975, 0.010028543094674975, 0.010028543094674975, 0.0059068255310504745, 0.0059068255310504745, 0.0059068255310504745, 0.0059068255310504745, 0.007719603300504769, 0.007719603300504769, 0.010028543094674975, 0.010028543094674975, 0.0059068255310504745, 0.0059068255310504745, 0.0059068255310504745, 0.0059068255310504745, 0.007719603300504769, 0.007719603300504769, 0.010028543094674975, 0.010028543094674975, 0.0059068255310504745, 0.0059068255310504745, 0.0059068255310504745, 0.0059068255310504745]
------------------------------------------------------
nEC
[11243.0, 789.0, 25.0, 6716.0, 1649.0, 44.0, 983.0, 23.0, 57.0, 0.0, 7508.0, 2064.0, 115.0, 3889.0, 3511.0, 151.0, 999.0, 84.0, 56.0, 1.0, 526.0, 783.0, 59.0, 214.0, 890.0, 83.0, 165.0, 52.0, 15.0, 3.0, 81.0, 15.0, 90.0, 28.0, 14.0, 15.0, 0.0, 0.0, 4.0, 5.0, 5.0, 3.0, 0.0, 0.0, 0.0, 0.0]
------------------------------------------------------
pEC
[0.890908659186, 0.890908659186, 0.890908659186, 0.9240572811866666, 0.9240572811866666, 0.9240572811866666, 0.959449968467, 0.959449968467, 0.959449968467, 0.959449968467, 0.890908659186, 0.890908659186, 0.890908659186, 0.9240572811866666, 0.9240572811866666, 0.9240572811866666, 0.959449968467, 0.959449968467, 0.959449968467, 0.959449968467, 0.890908659186, 0.890908659186, 0.890908659186, 0.9240572811866666, 0.9240572811866666, 0.9240572811866666, 0.959449968467, 0.959449968467, 0.959449968467, 0.959449968467, 0.890908659186, 0.890908659186, 0.9240572811866666, 0.9240572811866666, 0.959449968467, 0.959449968467, 0.959449968467, 0.959449968467, 0.890908659186, 0.890908659186, 0.9240572811866666, 0.9240572811866666, 0.959449968467, 0.959449968467, 0.959449968467, 0.959449968467]
------------------------------------------------------
pECerr
[0.02234046444018748, 0.02234046444018748, 0.02234046444018748, 0.035886887173358875, 0.035886887173358875, 0.035886887173358875, 0.019061709777552744, 0.019061709777552744, 0.019061709777552744, 0.019061709777552744, 0.02234046444018748, 0.02234046444018748, 0.02234046444018748, 0.035886887173358875, 0.035886887173358875, 0.035886887173358875, 0.019061709777552744, 0.019061709777552744, 0.019061709777552744, 0.019061709777552744, 0.02234046444018748, 0.02234046444018748, 0.02234046444018748, 0.035886887173358875, 0.035886887173358875, 0.035886887173358875, 0.019061709777552744, 0.019061709777552744, 0.019061709777552744, 0.019061709777552744, 0.02234046444018748, 0.02234046444018748, 0.035886887173358875, 0.035886887173358875, 0.019061709777552744, 0.019061709777552744, 0.019061709777552744, 0.019061709777552744, 0.02234046444018748, 0.02234046444018748, 0.035886887173358875, 0.035886887173358875, 0.019061709777552744, 0.019061709777552744, 0.019061709777552744, 0.019061709777552744]
------------------------------------------------------
trigW
[0.9871907904582173, 0.9871757732317329, 0.9873721666679083, 0.9875276350957345, 0.9875488071556755, 0.9876445705056858, 0.9867464424404828, 0.9866582633302683, 0.9784837556438741, 0.9783378899336935, 0.9871736331179162, 0.9871578565218848, 0.9872361824668503, 0.9875185966716759, 0.9875367833813463, 0.987582794056401, 0.986770474963261, 0.9866569261674089, 0.978484410968589, 0.9782327761351988, 0.9871992956971912, 0.9871170799295736, 0.9872482537820119, 0.9874907205572667, 0.9875093937294934, 0.9875536384773165, 0.9868532792852652, 0.9867414444400424, 0.9785843213876538, 0.9783158097436107, 0.9870499775376291, 0.9870099143927843, 0.9874704386799719, 0.9875019012942534, 0.9866309466188958, 0.9868826100536571, 0.9785952180945435, 0.9786455552277472, 0.9870912032703522, 0.9869309165432582, 0.9875745151527175, 0.9874264592949097, 0.9864427261297701, 0.986933478506173, 0.978072890487094, 0.9784304093203241]
------------------------------------------------------
trigWsysErr
[0.01, 0.01, 0.01, 0.01, 0.01, 0.01, 0.01, 0.01, 0.01, 0.01, 0.01, 0.01, 0.01, 0.01, 0.01, 0.01, 0.01, 0.01, 0.01, 0.01, 0.01, 0.01, 0.01, 0.01, 0.01, 0.01, 0.01, 0.01, 0.01, 0.01, 0.01, 0.01, 0.01, 0.01, 0.01, 0.01, 0.01, 0.01, 0.01, 0.01, 0.01, 0.01, 0.01, 0.01, 0.01, 0.01]
------------------------------------------------------
trigWerr
[0.0018102701242121294, 0.0018187552721677439, 0.0017072716239710719, 0.001360219912076747, 0.0013515620349240215, 0.0013053981298660757, 0.0021986449323731626, 0.002108000074088783, 0.005412111224145361, 0.005201188308825471, 0.001818495600847496, 0.0018254913994115243, 0.0017892265182408858, 0.0013623125481549588, 0.0013565231027288227, 0.0013355737579431332, 0.002222821169431596, 0.0021089654827603204, 0.005406852444153865, 0.004971891031353966, 0.0018087690093789625, 0.0018476698784243189, 0.001778804216201851, 0.0013702987388923937, 0.001366992287313257, 0.0013503817100042038, 0.0022961598055086636, 0.0021899335804192294, 0.005538986038551084, 0.005162792815941984, 0.001876725042708843, 0.0018869811062535728, 0.0013834822832447604, 0.001369283503639707, 0.0020893921256248693, 0.002316910428766717, 0.005481984795883596, 0.00555009379414108, 0.0018435641952234277, 0.0019340005488045703, 0.0013612712516798112, 0.0014081099179430651, 0.0018097468889005576, 0.002375090477576947, 0.00457811381313531, 0.005188647611146736]
------------------------------------------------------
SF
[1.0121037535160886, 1.0121037535160886, 1.0121037535160886, 1.0121037535160886, 1.0121037535160886, 1.0121037535160886, 1.0121037535160886, 1.0121037535160886, 1.0121037535160886, 1.0121037535160886, 1.0121037535160886, 1.0121037535160886, 1.0121037535160886, 1.0121037535160886, 1.0121037535160886, 1.0121037535160886, 1.0121037535160886, 1.0121037535160886, 1.0121037535160886, 1.0121037535160886, 1.0121037535160886, 1.0121037535160886, 1.0121037535160886, 1.0121037535160886, 1.0121037535160886, 1.0121037535160886, 1.0121037535160886, 1.0121037535160886, 1.0121037535160886, 1.0121037535160886, 1.0121037535160886, 1.0121037535160886, 1.0121037535160886, 1.0121037535160886, 1.0121037535160886, 1.0121037535160886, 1.0121037535160886, 1.0121037535160886, 1.0121037535160886, 1.0121037535160886, 1.0121037535160886, 1.0121037535160886, 1.0121037535160886, 1.0121037535160886, 1.0121037535160886, 1.0121037535160886]
------------------------------------------------------
SFerr
[0.014333100082516856, 0.014333100082516856, 0.014333100082516856, 0.014333100082516856, 0.014333100082516856, 0.014333100082516856, 0.014333100082516856, 0.014333100082516856, 0.014333100082516856, 0.014333100082516856, 0.014333100082516856, 0.014333100082516856, 0.014333100082516856, 0.014333100082516856, 0.014333100082516856, 0.014333100082516856, 0.014333100082516856, 0.014333100082516856, 0.014333100082516856, 0.014333100082516856, 0.014333100082516856, 0.014333100082516856, 0.014333100082516856, 0.014333100082516856, 0.014333100082516856, 0.014333100082516856, 0.014333100082516856, 0.014333100082516856, 0.014333100082516856, 0.014333100082516856, 0.014333100082516856, 0.014333100082516856, 0.014333100082516856, 0.014333100082516856, 0.014333100082516856, 0.014333100082516856, 0.014333100082516856, 0.014333100082516856, 0.014333100082516856, 0.014333100082516856, 0.014333100082516856, 0.014333100082516856, 0.014333100082516856, 0.014333100082516856, 0.014333100082516856, 0.014333100082516856]
------------------------------------------------------
ZJetsHisto_Rzg
[12268.142578125, 1029.6083984375, 72.39533996582031, 9126.728515625, 2530.289306640625, 123.39778900146484, 2405.65869140625, 83.27269744873047, 336.6653137207031, 15.12742805480957, 8315.41796875, 2902.326904296875, 263.7760009765625, 5412.77099609375, 5494.69384765625, 453.0018310546875, 2565.296630859375, 309.53350830078125, 441.5506896972656, 44.243953704833984, 567.7879638671875, 944.9960327148438, 150.01231384277344, 275.7218017578125, 1356.1729736328125, 250.40521240234375, 408.0100402832031, 165.20713806152344, 88.084716796875, 23.218067169189453, 89.80988311767578, 37.25970458984375, 112.2542724609375, 59.491058349609375, 28.18962860107422, 36.19950485229492, 8.546917915344238, 5.574858665466309, 3.5437071323394775, 4.657069683074951, 3.9802558422088623, 7.114800930023193, 0.9654143452644348, 4.243536472320557, 0.5464163422584534, 0.7436253428459167]
------------------------------------------------------
GJetsHisto_Rzg
[26311.876953125, 2277.76318359375, 165.12667846679688, 19323.703125, 5406.1650390625, 260.8668518066406, 4984.61474609375, 169.76609802246094, 698.4918823242188, 23.84743881225586, 17890.68359375, 6545.56982421875, 576.8735961914062, 11423.0771484375, 11968.30859375, 962.5446166992188, 5317.701171875, 627.4486083984375, 890.5332641601562, 75.45850372314453, 1212.8504638671875, 2063.060302734375, 318.17388916015625, 602.96533203125, 2867.972900390625, 531.215087890625, 855.482666015625, 326.4983215332031, 191.0659942626953, 42.480899810791016, 195.45095825195312, 76.66690826416016, 226.2245330810547, 118.32762145996094, 52.04730224609375, 71.36731719970703, 19.368165969848633, 10.219657897949219, 7.483615398406982, 9.925128936767578, 8.048050880432129, 13.824097633361816, 1.3507746458053589, 8.485819816589355, 1.0892274379730225, 1.3356863260269165]
------------------------------------------------------
ZgR
[0.3790721297264099, 0.367500901222229, 0.3564414978027344, 0.38398978114128113, 0.38051849603652954, 0.38457706570625305, 0.39237135648727417, 0.3987920880317688, 0.39186087250709534, 0.5157250761985779, 0.3778783679008484, 0.36049044132232666, 0.37174874544143677, 0.3852400481700897, 0.3732549846172333, 0.382625550031662, 0.39220085740089417, 0.4010739028453827, 0.40311160683631897, 0.4766950309276581, 0.38060441613197327, 0.3724028170108795, 0.3833162784576416, 0.37176939845085144, 0.3844456076622009, 0.383237361907959, 0.3877524137496948, 0.4113795757293701, 0.3748107850551605, 0.44435209035873413, 0.37357792258262634, 0.3951175808906555, 0.4034205973148346, 0.40875253081321716, 0.4403378367424011, 0.41238048672676086, 0.35876983404159546, 0.44349873065948486, 0.38498273491859436, 0.38147974014282227, 0.40208250284194946, 0.41842809319496155, 0.581066370010376, 0.4065641164779663, 0.40784958004951477, 0.4526313245296478]
------------------------------------------------------
REr1
[0.00637332072560132, 0.01261861992245158, 0.03606522010141065, 0.006299456232774607, 0.008574826877960776, 0.02857044115363383, 0.008201971062138005, 0.035249039317891764, 0.017286972475462698, 0.08951934335495729, 0.007154118766626968, 0.007505024236027295, 0.019255905228876574, 0.007801921404505421, 0.005567796721569503, 0.014841275138196474, 0.007197327641349249, 0.018229728729946645, 0.015288476153361295, 0.051756445499824284, 0.02609439614127287, 0.01351872923380575, 0.02584401704522473, 0.034362145500185064, 0.011029288913691827, 0.019953981589264203, 0.017060435544757984, 0.025205879499881345, 0.03345518502985226, 0.06881967264549285, 0.044421642003519377, 0.0524178670287356, 0.03777509425614516, 0.041836654895689177, 0.0678981165907574, 0.053442289048738566, 0.10550924802737606, 0.14224028516751286, 0.20604827157653402, 0.14387148460207483, 0.1786448622788947, 0.12132367447822834, 0.380953207159414, 0.1547851716735576, 0.4414392388351014, 0.3913313378040182]
------------------------------------------------------
f
[0.980970848395, 0.979579982675, 0.97784011656, 0.982804183987, 0.992417156153, 0.989805871938, 0.986560350194, 0.993140177096, 1.0, 0.953618816921, 0.936163434222, 0.961005301397, 0.972139532712, 0.940385724616, 0.950197508549, 0.976655247901, 0.950450944646, 0.983798750782, 0.971620466278, 0.925226088907, 0.863168788586, 0.89820726474, 0.982895043944, 0.900606253693, 0.915769869158, 0.955916109115, 0.905015525661, 0.970899244113, 0.922902661284, 0.879589782771, 0.815529645074, 0.934845627087, 0.848863230508, 0.994014071109, 0.904401397286, 0.96992243711, 0.851114705095, 0.879589782771, 0.815529645074, 0.934845627087, 0.848863230508, 0.994014071109, 0.904401397286, 0.96992243711, 0.851114705095, 0.976828992242]
------------------------------------------------------
fsysErr
[0.005, 0.005, 0.005, 0.005, 0.005, 0.005, 0.005, 0.005, 0.005, 0.005, 0.005, 0.005, 0.005, 0.005, 0.005, 0.005, 0.005, 0.005, 0.005, 0.005, 0.005, 0.005, 0.005, 0.005, 0.005, 0.005, 0.005, 0.005, 0.005, 0.005, 0.005, 0.005, 0.005, 0.005, 0.005, 0.005, 0.005, 0.005, 0.005, 0.005, 0.005, 0.005, 0.005, 0.005, 0.005, 0.005]
------------------------------------------------------
ferrUp
[0.006267172784215567, 0.019478406570635775, 0.0026601024047169923, 0.003453600038677589, 0.0030319557205297962, 0.0024040902535270607, 0.005719404936201253, 0.0017241380371770848, 0.0, 0.004956618004352543, 0.006423991602062374, 0.009829849138301006, 0.003725445365395842, 0.004547695193401958, 0.008088820569143439, 0.003208218918399355, 0.006782699667851954, 0.002175435789493338, 0.008057133221769864, 0.021490096443658086, 0.017582641816975168, 0.025281549495007927, 0.012140341476459678, 0.010592699216279216, 0.01417104457600469, 0.010407411056343175, 0.012446664000899605, 0.0063953392834934855, 0.02124919568117404, 0.04858354488654359, 0.07094658181880065, 0.026454198598073436, 0.039540389614960085, 0.006020459823293357, 0.020642013927026682, 0.018511460306040676, 0.06262446768682099, 0.04858354488654359, 0.07094658181880065, 0.026454198598073436, 0.039540389614960085, 0.006020459823293357, 0.020642013927026682, 0.018511460306040676, 0.06262446768682099, 0.0031862049506603284]
------------------------------------------------------
ferrDn
[0.006267172784215567, 0.019478406570635775, 0.0026601024047169923, 0.003453600038677589, 0.0030319557205297962, 0.0024040902535270607, 0.005719404936201253, 0.0017241380371770848, 0.03, 0.004956618004352543, 0.006423991602062374, 0.009829849138301006, 0.003725445365395842, 0.004547695193401958, 0.008088820569143439, 0.003208218918399355, 0.006782699667851954, 0.002175435789493338, 0.008057133221769864, 0.021490096443658086, 0.017582641816975168, 0.025281549495007927, 0.012140341476459678, 0.010592699216279216, 0.01417104457600469, 0.010407411056343175, 0.012446664000899605, 0.0063953392834934855, 0.02124919568117404, 0.04858354488654359, 0.07094658181880065, 0.026454198598073436, 0.039540389614960085, 0.006020459823293357, 0.020642013927026682, 0.018511460306040676, 0.06262446768682099, 0.04858354488654359, 0.07094658181880065, 0.026454198598073436, 0.039540389614960085, 0.006020459823293357, 0.020642013927026682, 0.018511460306040676, 0.06262446768682099, 0.0031862049506603284]
------------------------------------------------------
purity
[0.9483468182440279, 0.9488781852536312, 0.9579900297059826, 0.9644529131393396, 0.9653180763533639, 0.9685201084654376, 0.9825106073168706, 0.9830899167982654, 0.984718936509823, 0.9867390363393334, 0.9481623047208182, 0.9497949706508048, 0.9531520387174534, 0.96395217362172, 0.9647880863797688, 0.968115492241465, 0.9822240017576074, 0.9827174894949895, 0.9848956252405991, 0.9863126446538282, 0.9455613734643442, 0.9459583746383332, 0.9541355557950563, 0.9631833189924014, 0.9635491250658487, 0.9684720244432106, 0.9817304754951344, 0.9822766730394549, 0.9840810102478723, 0.9848351478831241, 0.9468573850473346, 0.9534043891430931, 0.9602791982998994, 0.9656215457345574, 0.9812021240174108, 0.9808913789381192, 0.9867390363393334, 0.9867390363393334, 0.935454881796926, 0.9265456372747407, 0.9478627018899259, 0.9661418642156429, 0.9867390363393334, 0.9867390363393334, 1.0, 1.0]
------------------------------------------------------
pErr
[0.011615812695329469, 0.011522659020589932, 0.009941345792492737, 0.01611875873695731, 0.015713476427323514, 0.014219796061514698, 0.007897326803855765, 0.00762360895446556, 0.006855639794390699, 0.0059068255310504745, 0.011648184087919771, 0.011362182899884037, 0.010777189241274925, 0.01635366057797162, 0.015961661897785657, 0.0144079955986143, 0.008032864404095433, 0.007799540029858167, 0.006772496098640285, 0.006106772483468188, 0.012105840470620967, 0.012035821922698286, 0.010606583869224464, 0.01671481327640411, 0.016542911973711372, 0.014242153195896688, 0.008266441591662592, 0.008007949886258277, 0.007156074646952983, 0.00680095132406805, 0.011877481725665832, 0.010733381811683675, 0.018084178383981422, 0.015571489433972008, 0.00851676135869749, 0.008664110576608557, 0.0059068255310504745, 0.0059068255310504745, 0.013908322368305788, 0.015529887045772062, 0.024033496365799226, 0.015328250846201716, 0.0059068255310504745, 0.0059068255310504745, 0.0, 0.0]
------------------------------------------------------
DR
[1.0, 1.0, 1.0, 1.0, 1.0, 1.0, 1.0, 1.0, 1.0, 1.0, 1.0, 1.0, 1.0, 1.0, 1.0, 1.0, 1.0, 1.0, 1.0, 1.0, 1.0, 1.0, 1.0, 1.0, 1.0, 1.0, 1.0, 1.0, 1.0, 1.0, 1.0, 1.0, 1.0, 1.0, 1.0, 1.0, 1.0, 1.0, 1.0, 1.0, 1.0, 1.0, 1.0, 1.0, 1.0, 1.0]
------------------------------------------------------
DRup
[0.0, 0.0, 0.0, 0.0, 0.0, 0.0, 0.0, 0.0, 0.0, 0.0, 0.0, 0.0, 0.0, 0.0, 0.0, 0.0, 0.0, 0.0, 0.0, 0.0, 0.0, 0.0, 0.0, 0.0, 0.0, 0.0, 0.0, 0.0, 0.0, 0.0, 0.0, 0.0, 0.0, 0.0, 0.0, 0.0, 0.0, 0.0, 0.0, 0.0, 0.0, 0.0, 0.0, 0.0, 0.0, 0.0]
------------------------------------------------------
DRlow
[0.0, 0.0, 0.0, 0.0, 0.0, 0.0, 0.0, 0.0, 0.0, 0.0, 0.0, 0.0, 0.0, 0.0, 0.0, 0.0, 0.0, 0.0, 0.0, 0.0, 0.0, 0.0, 0.0, 0.0, 0.0, 0.0, 0.0, 0.0, 0.0, 0.0, 0.0, 0.0, 0.0, 0.0, 0.0, 0.0, 0.0, 0.0, 0.0, 0.0, 0.0, 0.0, 0.0, 0.0, 0.0, 0.0]
------------------------------------------------------
Yield
[13989.361088656951, 973.7091105878866, 51.121385351684616, 9949.241914865826, 2618.673261314761, 95.52479126616973, 2415.9657345200335, 67.06361817338612, 300.02418201711583, 12.742504899977767, 8814.137686109589, 2559.2615371658676, 177.19738830344122, 5325.202018057006, 5017.513796434142, 308.01611198248554, 2213.607993833308, 221.33138795585472, 322.9146508890098, 28.120032900344565, 513.6170649787439, 791.1526357363476, 100.37539836208498, 256.2005119933251, 1149.9322277070846, 172.5143565970287, 310.0879429937742, 124.92502196620792, 52.92931344680164, 16.716112741021135, 77.38844881332817, 23.97208252438076, 91.4721671479531, 49.06897334302526, 27.000700445723854, 27.495621362151635, 3.650559612623797, 1.5544773366220626, 2.6458428403505914, 2.9772061988445655, 2.913036528698167, 5.629275558461701, 1.0387770845621807, 3.505887316690067, 0.0, 0.0]
------------------------------------------------------
YstatUp
[0.014231200949470175, 0.054807596720836564, 0.2419597354758574, 0.016613391704376895, 0.03235794320316101, 0.1684743481363734, 0.03296786451434626, 0.1955587456480029, 0.092488790951658, 0.4210733216906485, 0.018383414558617348, 0.034444809303561405, 0.1279452723009969, 0.02318305382985269, 0.024127879367149732, 0.09470902058944378, 0.03510312979385684, 0.10786844556086428, 0.0891639943201966, 0.2844946884789019, 0.07913444789355907, 0.06317364531293185, 0.16640823708849597, 0.10998418928977345, 0.05061735591103687, 0.12778882940475403, 0.09669298461479325, 0.1427460585514301, 0.23445748372428088, 0.3922825016733781, 0.21153939373088285, 0.3439922769683664, 0.18227765363385914, 0.22784947647754564, 0.30764475460982377, 0.3042884594293103, 1.053436814079737, 1.6761593775588939, 1.1338541935478226, 1.0076561042914263, 1.0298532031593497, 0.6646783139172557, 2.106665211913839, 0.9793517160460495, 0.9632333005487058, 1.0689959877008919]
------------------------------------------------------
YstatLow
[0.014231200949470175, 0.054807596720836564, 0.2419597354758574, 0.016613391704376895, 0.03235794320316101, 0.1684743481363734, 0.03296786451434626, 0.1955587456480029, 0.092488790951658, 0.4210733216906485, 0.018383414558617348, 0.034444809303561405, 0.1279452723009969, 0.02318305382985269, 0.024127879367149732, 0.09470902058944378, 0.03510312979385684, 0.10786844556086428, 0.0891639943201966, 0.2844946884789019, 0.07913444789355907, 0.06317364531293185, 0.16640823708849597, 0.10998418928977345, 0.05061735591103687, 0.12778882940475403, 0.09669298461479325, 0.1427460585514301, 0.23445748372428088, 0.3922825016733781, 0.21153939373088285, 0.3439922769683664, 0.18227765363385914, 0.22784947647754564, 0.30764475460982377, 0.3042884594293103, 1.053436814079737, 1.6761593775588939, 1.1338541935478226, 1.0076561042914263, 1.0298532031593497, 0.6646783139172557, 2.106665211913839, 0.9793517160460495, 0.9632333005487058, 1.0689959877008919]
------------------------------------------------------
YsysUp
[0.023420901183550315, 0.031704182545817895, 0.04171281741031347, 0.025371496634228916, 0.025727382898771425, 0.036829257119093906, 0.022307476107560578, 0.04047799724027772, 0.02656252849854101, 0.09181863428736774, 0.023703880699205898, 0.02481573492645949, 0.028886947343139232, 0.026101482274537194, 0.026143487563357385, 0.027755503395976523, 0.0223094630688977, 0.027069795871079813, 0.026536642846819183, 0.05943907826087105, 0.038344850763128276, 0.03606418495232459, 0.035516230543074644, 0.04364244241030468, 0.03047028192806524, 0.03227345352691493, 0.029155137971623103, 0.03279630397402198, 0.04453206991755434, 0.08660169342064694, 0.08649701831315061, 0.06242324365246251, 0.06041348728546178, 0.04859357578760765, 0.07378065814972593, 0.06008015533789102, 0.1242956390043193, 0.15162055086706305, 0.21912687103472034, 0.14823691919634605, 0.18543820802226568, 0.12378633095339542, 0.38199481974712507, 0.15707352715617362, 0.4462530923371095, 0.3918006223469767]
------------------------------------------------------
YsysLow
[0.023420901183550315, 0.031704182545817895, 0.04171281741031347, 0.025371496634228916, 0.025727382898771425, 0.036829257119093906, 0.022307476107560578, 0.04047799724027772, 0.04006953855780976, 0.09181863428736774, 0.023703880699205898, 0.02481573492645949, 0.028886947343139232, 0.026101482274537194, 0.026143487563357385, 0.027755503395976523, 0.0223094630688977, 0.027069795871079813, 0.026536642846819183, 0.05943907826087105, 0.038344850763128276, 0.03606418495232459, 0.035516230543074644, 0.04364244241030468, 0.03047028192806524, 0.03227345352691493, 0.029155137971623103, 0.03279630397402198, 0.04453206991755434, 0.08660169342064694, 0.08649701831315061, 0.06242324365246251, 0.06041348728546178, 0.04859357578760765, 0.07378065814972593, 0.06008015533789102, 0.1242956390043193, 0.15162055086706305, 0.21912687103472034, 0.14823691919634605, 0.18543820802226568, 0.12378633095339542, 0.38199481974712507, 0.15707352715617362, 0.4462530923371095, 0.3918006223469767]
------------------------------------------------------