#purity EB:              purity EB error:            purity EE:          purity EE error:
0.972149898335           0.00669683711033         0.897197125271     0.0259610006483
0.972149898335           0.00669683711033         0.897197125271     0.0259610006483
0.972149898335           0.00669683711033         0.897197125271     0.0259610006483
0.979047147226           0.00940488320833          0.932232243907  0.0380204290253
0.979047147226           0.00940488320833          0.932232243907  0.0380204290253
0.979047147226           0.00940488320833          0.932232243907  0.0380204290253
0.987103486324           0.00578569073233            0.962985609828      0.0213336586003
0.987103486324           0.00578569073233            0.962985609828      0.0213336586003
0.987103486324           0.00578569073233            0.962985609828      0.0213336586003
0.987103486324           0.00578569073233            0.962985609828      0.0213336586003
0.972149898335           0.00669683711033 0.897197125271     0.0259610006483
0.972149898335           0.00669683711033 0.897197125271     0.0259610006483
0.972149898335           0.00669683711033 0.897197125271     0.0259610006483
0.979047147226           0.00940488320833    0.932232243907  0.0380204290253
0.979047147226           0.00940488320833    0.932232243907  0.0380204290253
0.979047147226           0.00940488320833    0.932232243907  0.0380204290253
0.987103486324           0.00578569073233   0.962985609828      0.0213336586003
0.987103486324           0.00578569073233   0.962985609828      0.0213336586003
0.987103486324           0.00578569073233   0.962985609828      0.0213336586003
0.987103486324           0.00578569073233   0.962985609828      0.0213336586003
0.972149898335           0.00669683711033 0.897197125271     0.0259610006483
0.972149898335           0.00669683711033 0.897197125271     0.0259610006483
0.972149898335           0.00669683711033 0.897197125271     0.0259610006483
0.979047147226           0.00940488320833    0.932232243907  0.0380204290253
0.979047147226           0.00940488320833    0.932232243907  0.0380204290253
0.979047147226           0.00940488320833    0.932232243907  0.0380204290253
0.987103486324           0.00578569073233   0.962985609828      0.0213336586003
0.987103486324           0.00578569073233   0.962985609828      0.0213336586003
0.987103486324           0.00578569073233   0.962985609828      0.0213336586003
0.987103486324           0.00578569073233   0.962985609828      0.0213336586003
0.972149898335           0.00669683711033 0.897197125271     0.0259610006483
0.972149898335           0.00669683711033 0.897197125271     0.0259610006483
0.979047147226           0.00940488320833    0.932232243907  0.0380204290253
0.979047147226           0.00940488320833    0.932232243907  0.0380204290253
0.987103486324           0.00578569073233   0.962985609828      0.0213336586003
0.987103486324           0.00578569073233   0.962985609828      0.0213336586003
0.987103486324           0.00578569073233   0.962985609828      0.0213336586003
0.987103486324           0.00578569073233   0.962985609828      0.0213336586003
0.972149898335           0.00669683711033 0.897197125271     0.0259610006483
0.972149898335           0.00669683711033 0.897197125271     0.0259610006483
0.979047147226           0.00940488320833    0.932232243907  0.0380204290253
0.979047147226           0.00940488320833    0.932232243907  0.0380204290253
0.987103486324           0.00578569073233   0.962985609828      0.0213336586003
0.987103486324           0.00578569073233   0.962985609828      0.0213336586003
0.987103486324           0.00578569073233   0.962985609828      0.0213336586003
0.987103486324           0.00578569073233   0.962985609828      0.0213336586003
